 70 71 1.7320508075688772 70 72 3.0 70 73 3.3166247903554 70 74 2.0 70 75 2.0 70 76 2.6457513110645907 70 77 2.449489742783178 70 78 3.1622776601683795 70 79 2.6457513110645907 70 80 3.7416573867739413 70 81 2.449489742783178
 70 82 3.0 70 83 3.605551275463989 70 84 2.23606797749979 70 85 3.0 70 86 2.23606797749979 70 87 3.7416573867739413 70 88 3.3166247903554 70 89 3.0 70 90 2.23606797749979 70 91 2.6457513110645907 70 92 4.123105625617661
 70 93 1.7320508075688772 70 94 3.0 70 95 5.744562646538029 70 96 2.23606797749979 70 97 2.23606797749979 70 98 2.23606797749979 70 99 2.23606797749979 70 100 1.7320508075688772 70 101 2.23606797749979 70 102 3.1622776601683795 70 103 3.605551275463989
 70 104 2.6457513110645907 70 105 2.0 70 106 3.3166247903554 70 107 4.795831523312719 70 108 2.8284271247461903 70 109 3.605551275463989 70 110 2.23606797749979 70 111 3.0 70 112 2.23606797749979 70 113 3.3166247903554 70 114 3.605551275463989
 70 115 5.0990195135927845 70 116 1.7320508075688772 70 117 2.8284271247461903 70 118 2.0 70 119 2.8284271247461903 70 120 1.7320508075688772 70 121 2.449489742783178 70 122 3.3166247903554 70 123 3.1622776601683795 70 124 1.4142135623730951 70 125 2.449489742783178
 70 126 1.7320508075688772 70 127 2.6457513110645907 70 128 1.4142135623730951 70 129 2.8284271247461903 70 130 1.7320508075688772 70 131 2.0 70 132 3.1622776601683795 70 133 3.7416573867739413 70 134 1.4142135623730951 70 135 1.7320508075688772 70 136 4.123105625617661
 70 137 1.7320508075688772 70 138 4.69041575982343 70 139 5.5677643628300215 70 140 1.4142135623730951 70 141 3.872983346207417 70 142 1.4142135623730951 70 143 2.23606797749979 70 144 2.449489742783178 70 145 1.7320508075688772 70 146 2.6457513110645907 70 147 2.23606797749979
 70 148 3.1622776601683795 70 149 4.58257569495584 70 150 2.449489742783178 70 151 2.0 70 152 3.605551275463989 70 153 3.7416573867739413 70 154 2.6457513110645907 70 155 3.7416573867739413 70 156 2.0 70 157 2.23606797749979 70 158 3.872983346207417
 70 159 2.8284271247461903 70 160 4.47213595499958 70 161 1.7320508075688772 70 162 2.0 70 163 2.23606797749979 70 164 3.0 70 165 3.0 70 166 2.449489742783178 70 167 3.3166247903554 70 168 2.449489742783178 70 169 2.23606797749979
 70 170 2.6457513110645907 70 171 2.0 70 172 3.1622776601683795 70 173 2.0 70 174 4.358898943540674 70 175 3.1622776601683795 70 176 3.4641016151377544 70 177 2.6457513110645907 70 178 4.123105625617661 70 179 3.1622776601683795 70 180 4.69041575982343
 70 181 2.23606797749979 70 182 2.8284271247461903 70 183 6.0 70 184 3.7416573867739413 70 185 3.0 70 186 3.3166247903554 70 187 2.8284271247461903 70 188 2.0 70 189 3.0 70 190 7.0710678118654755 70 191 3.3166247903554
 70 192 4.0 70 193 3.4641016151377544 70 194 2.23606797749979 70 195 1.7320508075688772 70 196 2.449489742783178 70 197 1.7320508075688772 70 198 2.449489742783178 70 199 2.8284271247461903 70 200 2.23606797749979 70 201 3.0 70 202 3.605551275463989
 70 203 2.449489742783178 70 204 2.0 70 205 1.7320508075688772 70 206 1.7320508075688772 70 207 2.23606797749979 70 208 2.0 70 209 2.8284271247461903 70 210 2.23606797749979 70 211 2.449489742783178 70 212 1.4142135623730951 70 213 2.0
 70 214 2.23606797749979 70 215 4.69041575982343 70 216 2.449489742783178 70 217 3.605551275463989 70 218 3.0 70 219 2.23606797749979 70 220 4.898979485566356 70 221 3.1622776601683795 70 222 2.8284271247461903 70 223 1.0 70 224 3.0
 70 225 2.449489742783178 70 226 1.7320508075688772 70 227 1.0 70 228 2.8284271247461903 70 229 3.7416573867739413 70 230 3.4641016151377544 70 231 2.6457513110645907 70 232 3.4641016151377544 70 233 3.4641016151377544 70 234 2.23606797749979 70 235 3.1622776601683795
 70 236 1.7320508075688772 70 237 2.8284271247461903 70 238 2.8284271247461903 70 239 2.449489742783178 70 240 2.449489742783178 70 241 2.23606797749979 70 242 3.0 70 243 2.23606797749979 70 244 3.3166247903554 70 245 1.7320508075688772 70 246 2.449489742783178
 70 247 2.23606797749979 70 248 2.6457513110645907 70 249 4.242640687119285 70 250 2.6457513110645907 70 251 2.0 70 252 2.449489742783178 70 253 3.3166247903554 70 254 2.23606797749979 70 255 2.23606797749979 70 256 3.4641016151377544 70 257 2.6457513110645907
 70 258 1.7320508075688772 70 259 4.795831523312719 70 260 3.4641016151377544 70 261 3.0 70 262 2.6457513110645907 70 263 1.7320508075688772 70 264 3.605551275463989 70 265 2.8284271247461903 70 266 3.0 70 267 1.7320508075688772 70 268 2.449489742783178
 70 269 2.23606797749979 70 270 2.6457513110645907 70 271 2.23606797749979 70 272 3.605551275463989 70 273 3.605551275463989 70 274 3.605551275463989 70 275 3.1622776601683795 70 276 3.0 70 277 2.6457513110645907 70 278 2.8284271247461903 70 279 1.7320508075688772
 70 280 2.0 71 72 3.1622776601683795 71 73 3.4641016151377544 71 74 2.23606797749979 71 75 1.7320508075688772 71 76 2.8284271247461903 71 77 2.6457513110645907 71 78 3.3166247903554 71 79 2.8284271247461903 71 80 3.872983346207417 71 81 2.6457513110645907
 71 82 3.1622776601683795 71 83 3.4641016151377544 71 84 2.449489742783178 71 85 3.1622776601683795 71 86 2.0 71 87 3.872983346207417 71 88 3.4641016151377544 71 89 2.8284271247461903 71 90 2.449489742783178 71 91 2.8284271247461903 71 92 4.242640687119285
 71 93 2.0 71 94 3.1622776601683795 71 95 5.830951894845301 71 96 2.449489742783178 71 97 2.449489742783178 71 98 2.449489742783178 71 99 2.449489742783178 71 100 1.4142135623730951 71 101 2.449489742783178 71 102 3.0 71 103 3.7416573867739413
 71 104 2.8284271247461903 71 105 2.23606797749979 71 106 3.1622776601683795 71 107 4.898979485566356 71 108 3.0 71 109 3.7416573867739413 71 110 2.449489742783178 71 111 3.1622776601683795 71 112 2.0 71 113 3.4641016151377544 71 114 3.7416573867739413
 71 115 5.196152422706632 71 116 2.0 71 117 3.0 71 118 1.7320508075688772 71 119 3.0 71 120 2.0 71 121 2.6457513110645907 71 122 3.4641016151377544 71 123 3.3166247903554 71 124 1.7320508075688772 71 125 2.6457513110645907
 71 126 2.0 71 127 2.8284271247461903 71 128 1.7320508075688772 71 129 3.0 71 130 1.4142135623730951 71 131 2.23606797749979 71 132 3.3166247903554 71 133 3.872983346207417 71 134 1.7320508075688772 71 135 1.4142135623730951 71 136 4.242640687119285
 71 137 2.0 71 138 4.358898943540674 71 139 5.291502622129181 71 140 1.7320508075688772 71 141 4.0 71 142 1.7320508075688772 71 143 2.449489742783178 71 144 2.6457513110645907 71 145 2.0 71 146 2.8284271247461903 71 147 2.449489742783178
 71 148 3.3166247903554 71 149 4.69041575982343 71 150 2.23606797749979 71 151 2.23606797749979 71 152 3.7416573867739413 71 153 3.872983346207417 71 154 2.8284271247461903 71 155 3.872983346207417 71 156 2.23606797749979 71 157 2.449489742783178 71 158 4.0
 71 159 3.0 71 160 4.58257569495584 71 161 1.4142135623730951 71 162 2.23606797749979 71 163 2.449489742783178 71 164 2.8284271247461903 71 165 2.8284271247461903 71 166 2.23606797749979 71 167 3.4641016151377544 71 168 2.23606797749979 71 169 2.449489742783178
 71 170 2.8284271247461903 71 171 1.7320508075688772 71 172 3.0 71 173 2.23606797749979 71 174 4.47213595499958 71 175 3.3166247903554 71 176 3.605551275463989 71 177 2.8284271247461903 71 178 4.242640687119285 71 179 3.3166247903554 71 180 4.795831523312719
 71 181 2.449489742783178 71 182 3.0 71 183 6.244997998398398 71 184 3.872983346207417 71 185 3.1622776601683795 71 186 3.4641016151377544 71 187 3.0 71 188 1.7320508075688772 71 189 3.1622776601683795 71 190 7.14142842854285 71 191 3.1622776601683795
 71 192 3.605551275463989 71 193 3.605551275463989 71 194 2.0 71 195 2.0 71 196 2.6457513110645907 71 197 1.4142135623730951 71 198 2.23606797749979 71 199 2.6457513110645907 71 200 2.449489742783178 71 201 2.8284271247461903 71 202 3.7416573867739413
 71 203 2.6457513110645907 71 204 2.23606797749979 71 205 2.0 71 206 1.4142135623730951 71 207 2.449489742783178 71 208 2.23606797749979 71 209 2.6457513110645907 71 210 2.449489742783178 71 211 2.6457513110645907 71 212 1.0 71 213 2.23606797749979
 71 214 2.0 71 215 4.795831523312719 71 216 2.6457513110645907 71 217 3.4641016151377544 71 218 3.1622776601683795 71 219 2.449489742783178 71 220 5.0 71 221 3.3166247903554 71 222 2.23606797749979 71 223 2.0 71 224 2.8284271247461903
 71 225 2.23606797749979 71 226 2.0 71 227 2.0 71 228 3.0 71 229 3.872983346207417 71 230 3.605551275463989 71 231 2.8284271247461903 71 232 3.3166247903554 71 233 3.605551275463989 71 234 1.4142135623730951 71 235 3.3166247903554
 71 236 2.0 71 237 3.0 71 238 3.0 71 239 2.6457513110645907 71 240 2.6457513110645907 71 241 2.449489742783178 71 242 3.1622776601683795 71 243 2.449489742783178 71 244 3.4641016151377544 71 245 2.449489742783178 71 246 2.23606797749979
 71 247 2.0 71 248 2.8284271247461903 71 249 4.123105625617661 71 250 2.8284271247461903 71 251 1.7320508075688772 71 252 2.6457513110645907 71 253 3.1622776601683795 71 254 2.449489742783178 71 255 2.449489742783178 71 256 3.605551275463989 71 257 2.449489742783178
 71 258 2.0 71 259 4.69041575982343 71 260 3.605551275463989 71 261 3.1622776601683795 71 262 2.449489742783178 71 263 2.0 71 264 3.4641016151377544 71 265 3.0 71 266 3.1622776601683795 71 267 2.449489742783178 71 268 3.0
 71 269 2.0 71 270 2.8284271247461903 71 271 2.449489742783178 71 272 3.7416573867739413 71 273 3.7416573867739413 71 274 3.7416573867739413 71 275 3.3166247903554 71 276 3.1622776601683795 71 277 2.8284271247461903 71 278 3.0 71 279 2.0
 71 280 2.23606797749979 72 73 3.7416573867739413 72 74 3.0 72 75 3.0 72 76 3.4641016151377544 72 77 3.0 72 78 4.123105625617661 72 79 3.7416573867739413 72 80 4.123105625617661 72 81 3.605551275463989 72 82 3.7416573867739413
 72 83 4.0 72 84 3.4641016151377544 72 85 3.4641016151377544 72 86 3.1622776601683795 72 87 3.872983346207417 72 88 3.7416573867739413 72 89 3.7416573867739413 72 90 3.1622776601683795 72 91 3.1622776601683795 72 92 4.47213595499958 72 93 3.1622776601683795
 72 94 3.4641016151377544 72 95 6.164414002968976 72 96 2.8284271247461903 72 97 2.8284271247461903 72 98 3.4641016151377544 72 99 2.8284271247461903 72 100 2.8284271247461903 72 101 2.8284271247461903 72 102 3.872983346207417 72 103 4.0 72 104 3.1622776601683795
 72 105 3.0 72 106 3.7416573867739413 72 107 5.0990195135927845 72 108 3.605551275463989 72 109 4.0 72 110 2.8284271247461903 72 111 3.4641016151377544 72 112 3.1622776601683795 72 113 4.0 72 114 4.69041575982343 72 115 5.916079783099616
 72 116 2.8284271247461903 72 117 3.605551275463989 72 118 2.6457513110645907 72 119 3.3166247903554 72 120 2.8284271247461903 72 121 3.0 72 122 3.4641016151377544 72 123 3.605551275463989 72 124 3.0 72 125 3.0 72 126 2.8284271247461903
 72 127 3.1622776601683795 72 128 3.0 72 129 3.872983346207417 72 130 3.1622776601683795 72 131 3.0 72 132 3.872983346207417 72 133 3.872983346207417 72 134 3.0 72 135 2.8284271247461903 72 136 4.47213595499958 72 137 2.8284271247461903
 72 138 5.196152422706632 72 139 5.830951894845301 72 140 3.0 72 141 4.69041575982343 72 142 3.0 72 143 3.1622776601683795 72 144 3.3166247903554 72 145 2.8284271247461903 72 146 3.1622776601683795 72 147 2.8284271247461903 72 148 3.605551275463989
 72 149 5.0990195135927845 72 150 3.3166247903554 72 151 3.0 72 152 4.0 72 153 4.358898943540674 72 154 3.7416573867739413 72 155 4.123105625617661 72 156 3.0 72 157 2.8284271247461903 72 158 4.242640687119285 72 159 3.3166247903554
 72 160 4.358898943540674 72 161 2.8284271247461903 72 162 3.0 72 163 3.1622776601683795 72 164 3.4641016151377544 72 165 3.7416573867739413 72 166 3.0 72 167 3.7416573867739413 72 168 3.3166247903554 72 169 2.449489742783178 72 170 3.1622776601683795
 72 171 3.0 72 172 3.605551275463989 72 173 2.6457513110645907 72 174 4.242640687119285 72 175 3.605551275463989 72 176 3.872983346207417 72 177 3.4641016151377544 72 178 4.47213595499958 72 179 3.872983346207417 72 180 5.196152422706632 72 181 2.8284271247461903
 72 182 3.605551275463989 72 183 6.557438524302 72 184 4.123105625617661 72 185 3.4641016151377544 72 186 4.0 72 187 3.605551275463989 72 188 3.3166247903554 72 189 3.4641016151377544 72 190 7.810249675906654 72 191 4.0 72 192 4.795831523312719
 72 193 3.872983346207417 72 194 2.8284271247461903 72 195 2.8284271247461903 72 196 3.0 72 197 2.8284271247461903 72 198 3.3166247903554 72 199 3.872983346207417 72 200 2.8284271247461903 72 201 3.7416573867739413 72 202 4.242640687119285 72 203 3.3166247903554
 72 204 3.3166247903554 72 205 3.1622776601683795 72 206 3.1622776601683795 72 207 3.1622776601683795 72 208 3.0 72 209 3.3166247903554 72 210 3.1622776601683795 72 211 3.3166247903554 72 212 3.0 72 213 2.6457513110645907 72 214 3.4641016151377544
 72 215 5.0 72 216 3.3166247903554 72 217 4.0 72 218 3.4641016151377544 72 219 3.1622776601683795 72 220 5.5677643628300215 72 221 3.872983346207417 72 222 3.605551275463989 72 223 3.1622776601683795 72 224 4.0 72 225 3.3166247903554
 72 226 2.8284271247461903 72 227 3.1622776601683795 72 228 3.3166247903554 72 229 4.358898943540674 72 230 3.872983346207417 72 231 3.1622776601683795 72 232 4.358898943540674 72 233 3.872983346207417 72 234 3.4641016151377544 72 235 3.605551275463989 72 236 3.1622776601683795
 72 237 3.605551275463989 72 238 3.3166247903554 72 239 3.3166247903554 72 240 3.0 72 241 3.4641016151377544 72 242 3.4641016151377544 72 243 2.8284271247461903 72 244 3.7416573867739413 72 245 3.4641016151377544 72 246 3.3166247903554 72 247 3.1622776601683795
 72 248 3.1622776601683795 72 249 4.358898943540674 72 250 3.1622776601683795 72 251 3.0 72 252 3.0 72 253 3.7416573867739413 72 254 2.8284271247461903 72 255 2.8284271247461903 72 256 4.123105625617661 72 257 3.4641016151377544 72 258 3.1622776601683795
 72 259 5.477225575051661 72 260 3.872983346207417 72 261 3.7416573867739413 72 262 3.4641016151377544 72 263 2.449489742783178 72 264 4.242640687119285 72 265 3.872983346207417 72 266 3.7416573867739413 72 267 3.1622776601683795 72 268 3.605551275463989 72 269 3.1622776601683795
 72 270 3.1622776601683795 72 271 3.1622776601683795 72 272 4.242640687119285 72 273 4.242640687119285 72 274 4.0 72 275 3.872983346207417 72 276 3.4641016151377544 72 277 2.8284271247461903 72 278 3.605551275463989 72 279 2.8284271247461903 72 280 3.3166247903554
 73 74 3.3166247903554 73 75 3.3166247903554 73 76 3.7416573867739413 73 77 3.3166247903554 73 78 4.358898943540674 73 79 4.0 73 80 4.358898943540674 73 81 3.872983346207417 73 82 4.0 73 83 4.47213595499958 73 84 3.7416573867739413
 73 85 3.7416573867739413 73 86 3.4641016151377544 73 87 4.358898943540674 73 88 4.242640687119285 73 89 4.0 73 90 3.4641016151377544 73 91 3.4641016151377544 73 92 4.69041575982343 73 93 3.4641016151377544 73 94 3.7416573867739413 73 95 6.324555320336759
 73 96 3.4641016151377544 73 97 3.1622776601683795 73 98 3.7416573867739413 73 99 3.1622776601683795 73 100 3.1622776601683795 73 101 3.1622776601683795 73 102 4.123105625617661 73 103 4.242640687119285 73 104 3.4641016151377544 73 105 3.3166247903554 73 106 4.242640687119285
 73 107 5.291502622129181 73 108 3.872983346207417 73 109 4.242640687119285 73 110 3.1622776601683795 73 111 3.7416573867739413 73 112 3.4641016151377544 73 113 4.242640687119285 73 114 4.898979485566356 73 115 6.082762530298219 73 116 3.1622776601683795 73 117 3.872983346207417
 73 118 3.3166247903554 73 119 3.605551275463989 73 120 3.1622776601683795 73 121 3.3166247903554 73 122 4.242640687119285 73 123 3.872983346207417 73 124 3.3166247903554 73 125 3.3166247903554 73 126 3.1622776601683795 73 127 3.4641016151377544 73 128 3.3166247903554
 73 129 4.123105625617661 73 130 3.4641016151377544 73 131 3.3166247903554 73 132 4.123105625617661 73 133 4.358898943540674 73 134 3.3166247903554 73 135 3.1622776601683795 73 136 4.69041575982343 73 137 3.1622776601683795 73 138 5.385164807134504 73 139 6.0
 73 140 3.3166247903554 73 141 4.898979485566356 73 142 3.3166247903554 73 143 3.4641016151377544 73 144 3.605551275463989 73 145 3.1622776601683795 73 146 3.4641016151377544 73 147 3.1622776601683795 73 148 3.872983346207417 73 149 5.291502622129181 73 150 3.605551275463989
 73 151 3.3166247903554 73 152 4.242640687119285 73 153 4.58257569495584 73 154 4.0 73 155 4.58257569495584 73 156 3.3166247903554 73 157 3.1622776601683795 73 158 4.69041575982343 73 159 3.872983346207417 73 160 5.0 73 161 3.4641016151377544
 73 162 3.605551275463989 73 163 3.4641016151377544 73 164 3.7416573867739413 73 165 4.0 73 166 3.605551275463989 73 167 4.0 73 168 3.605551275463989 73 169 3.4641016151377544 73 170 3.7416573867739413 73 171 3.3166247903554 73 172 4.123105625617661
 73 173 3.3166247903554 73 174 4.898979485566356 73 175 4.358898943540674 73 176 4.123105625617661 73 177 3.7416573867739413 73 178 4.69041575982343 73 179 4.123105625617661 73 180 5.385164807134504 73 181 3.4641016151377544 73 182 3.872983346207417 73 183 6.855654600401044
 73 184 4.58257569495584 73 185 3.7416573867739413 73 186 4.242640687119285 73 187 3.872983346207417 73 188 3.605551275463989 73 189 4.0 73 190 7.937253933193772 73 191 4.242640687119285 73 192 5.196152422706632 73 193 4.123105625617661 73 194 3.4641016151377544
 73 195 3.1622776601683795 73 196 3.3166247903554 73 197 3.1622776601683795 73 198 3.605551275463989 73 199 4.123105625617661 73 200 3.1622776601683795 73 201 4.0 73 202 4.47213595499958 73 203 3.605551275463989 73 204 3.605551275463989 73 205 3.4641016151377544
 73 206 3.4641016151377544 73 207 3.4641016151377544 73 208 3.605551275463989 73 209 3.872983346207417 73 210 3.7416573867739413 73 211 3.605551275463989 73 212 3.3166247903554 73 213 3.3166247903554 73 214 3.7416573867739413 73 215 5.196152422706632 73 216 3.605551275463989
 73 217 4.242640687119285 73 218 3.7416573867739413 73 219 3.4641016151377544 73 220 5.744562646538029 73 221 4.123105625617661 73 222 3.872983346207417 73 223 3.4641016151377544 73 224 4.242640687119285 73 225 3.605551275463989 73 226 3.1622776601683795 73 227 3.4641016151377544
 73 228 3.605551275463989 73 229 4.58257569495584 73 230 4.123105625617661 73 231 3.4641016151377544 73 232 4.795831523312719 73 233 4.123105625617661 73 234 3.7416573867739413 73 235 3.872983346207417 73 236 3.4641016151377544 73 237 3.872983346207417 73 238 3.3166247903554
 73 239 3.605551275463989 73 240 3.3166247903554 73 241 3.7416573867739413 73 242 3.7416573867739413 73 243 3.1622776601683795 73 244 4.0 73 245 3.7416573867739413 73 246 3.872983346207417 73 247 3.4641016151377544 73 248 3.4641016151377544 73 249 5.0
 73 250 3.4641016151377544 73 251 3.3166247903554 73 252 3.3166247903554 73 253 4.242640687119285 73 254 3.1622776601683795 73 255 3.1622776601683795 73 256 4.358898943540674 73 257 3.7416573867739413 73 258 3.4641016151377544 73 259 5.656854249492381 73 260 4.123105625617661
 73 261 4.0 73 262 3.7416573867739413 73 263 3.1622776601683795 73 264 4.47213595499958 73 265 4.123105625617661 73 266 4.0 73 267 3.4641016151377544 73 268 3.872983346207417 73 269 3.4641016151377544 73 270 3.4641016151377544 73 271 3.4641016151377544
 73 272 4.69041575982343 73 273 4.47213595499958 73 274 4.242640687119285 73 275 4.123105625617661 73 276 3.7416573867739413 73 277 3.4641016151377544 73 278 3.872983346207417 73 279 3.1622776601683795 73 280 3.605551275463989 74 75 2.0 74 76 2.6457513110645907
 74 77 2.449489742783178 74 78 3.7416573867739413 74 79 3.0 74 80 3.7416573867739413 74 81 2.8284271247461903 74 82 3.0 74 83 3.605551275463989 74 84 2.6457513110645907 74 85 3.0 74 86 2.23606797749979 74 87 3.7416573867739413
 74 88 3.3166247903554 74 89 3.0 74 90 2.23606797749979 74 91 2.6457513110645907 74 92 4.123105625617661 74 93 2.23606797749979 74 94 3.0 74 95 5.744562646538029 74 96 2.23606797749979 74 97 2.23606797749979 74 98 2.6457513110645907
 74 99 2.23606797749979 74 100 1.7320508075688772 74 101 2.23606797749979 74 102 3.1622776601683795 74 103 3.605551275463989 74 104 2.6457513110645907 74 105 2.0 74 106 3.3166247903554 74 107 4.795831523312719 74 108 2.8284271247461903 74 109 3.605551275463989
 74 110 2.23606797749979 74 111 3.0 74 112 2.23606797749979 74 113 3.3166247903554 74 114 3.605551275463989 74 115 5.0990195135927845 74 116 1.7320508075688772 74 117 2.8284271247461903 74 118 2.0 74 119 2.8284271247461903 74 120 1.7320508075688772
 74 121 2.449489742783178 74 122 3.3166247903554 74 123 3.1622776601683795 74 124 2.0 74 125 2.449489742783178 74 126 1.7320508075688772 74 127 2.6457513110645907 74 128 1.4142135623730951 74 129 3.1622776601683795 74 130 2.23606797749979 74 131 2.0
 74 132 3.1622776601683795 74 133 3.7416573867739413 74 134 2.0 74 135 1.7320508075688772 74 136 4.123105625617661 74 137 2.23606797749979 74 138 4.69041575982343 74 139 5.5677643628300215 74 140 2.0 74 141 4.123105625617661 74 142 1.4142135623730951
 74 143 2.23606797749979 74 144 2.8284271247461903 74 145 1.7320508075688772 74 146 2.6457513110645907 74 147 2.23606797749979 74 148 3.1622776601683795 74 149 4.795831523312719 74 150 2.0 74 151 2.449489742783178 74 152 3.605551275463989 74 153 3.7416573867739413
 74 154 2.6457513110645907 74 155 3.4641016151377544 74 156 2.0 74 157 2.23606797749979 74 158 4.123105625617661 74 159 3.1622776601683795 74 160 4.47213595499958 74 161 2.23606797749979 74 162 2.449489742783178 74 163 2.23606797749979 74 164 3.0
 74 165 3.0 74 166 2.449489742783178 74 167 3.3166247903554 74 168 2.0 74 169 2.23606797749979 74 170 2.6457513110645907 74 171 2.0 74 172 3.1622776601683795 74 173 2.0 74 174 4.358898943540674 74 175 3.1622776601683795
 74 176 3.4641016151377544 74 177 2.23606797749979 74 178 4.123105625617661 74 179 3.1622776601683795 74 180 4.69041575982343 74 181 2.23606797749979 74 182 2.8284271247461903 74 183 6.324555320336759 74 184 3.7416573867739413 74 185 3.0 74 186 3.3166247903554
 74 187 2.8284271247461903 74 188 2.449489742783178 74 189 3.0 74 190 7.0710678118654755 74 191 3.3166247903554 74 192 4.0 74 193 3.4641016151377544 74 194 2.23606797749979 74 195 1.7320508075688772 74 196 2.449489742783178 74 197 1.7320508075688772
 74 198 2.449489742783178 74 199 3.1622776601683795 74 200 2.23606797749979 74 201 3.0 74 202 3.605551275463989 74 203 2.8284271247461903 74 204 2.449489742783178 74 205 2.23606797749979 74 206 2.23606797749979 74 207 2.23606797749979 74 208 2.449489742783178
 74 209 2.8284271247461903 74 210 2.6457513110645907 74 211 2.449489742783178 74 212 2.0 74 213 2.0 74 214 2.6457513110645907 74 215 4.69041575982343 74 216 2.449489742783178 74 217 3.605551275463989 74 218 3.0 74 219 2.23606797749979
 74 220 5.291502622129181 74 221 3.1622776601683795 74 222 2.8284271247461903 74 223 2.23606797749979 74 224 3.0 74 225 2.0 74 226 1.7320508075688772 74 227 2.23606797749979 74 228 2.8284271247461903 74 229 3.7416573867739413 74 230 3.4641016151377544
 74 231 2.6457513110645907 74 232 3.7416573867739413 74 233 3.4641016151377544 74 234 2.23606797749979 74 235 3.1622776601683795 74 236 1.7320508075688772 74 237 2.8284271247461903 74 238 2.8284271247461903 74 239 2.8284271247461903 74 240 2.449489742783178 74 241 2.6457513110645907
 74 242 3.0 74 243 2.23606797749979 74 244 3.3166247903554 74 245 2.6457513110645907 74 246 2.8284271247461903 74 247 2.23606797749979 74 248 2.6457513110645907 74 249 4.242640687119285 74 250 2.6457513110645907 74 251 2.0 74 252 2.449489742783178
 74 253 3.0 74 254 2.23606797749979 74 255 2.23606797749979 74 256 3.4641016151377544 74 257 2.23606797749979 74 258 1.7320508075688772 74 259 5.0 74 260 3.4641016151377544 74 261 3.3166247903554 74 262 2.6457513110645907 74 263 1.7320508075688772
 74 264 3.3166247903554 74 265 2.8284271247461903 74 266 3.0 74 267 1.7320508075688772 74 268 2.449489742783178 74 269 2.23606797749979 74 270 2.6457513110645907 74 271 2.23606797749979 74 272 3.605551275463989 74 273 3.872983346207417 74 274 3.605551275463989
 74 275 3.1622776601683795 74 276 3.0 74 277 2.6457513110645907 74 278 3.1622776601683795 74 279 2.23606797749979 74 280 2.449489742783178 75 76 2.6457513110645907 75 77 2.449489742783178 75 78 3.7416573867739413 75 79 3.0 75 80 3.4641016151377544
 75 81 2.8284271247461903 75 82 3.0 75 83 3.3166247903554 75 84 2.6457513110645907 75 85 3.0 75 86 1.7320508075688772 75 87 3.7416573867739413 75 88 3.3166247903554 75 89 2.6457513110645907 75 90 2.23606797749979 75 91 2.6457513110645907
 75 92 4.123105625617661 75 93 1.7320508075688772 75 94 3.0 75 95 5.744562646538029 75 96 1.7320508075688772 75 97 2.23606797749979 75 98 2.6457513110645907 75 99 2.23606797749979 75 100 1.0 75 101 2.23606797749979 75 102 2.449489742783178
 75 103 3.605551275463989 75 104 2.6457513110645907 75 105 1.4142135623730951 75 106 3.0 75 107 4.795831523312719 75 108 2.8284271247461903 75 109 3.605551275463989 75 110 2.23606797749979 75 111 3.0 75 112 1.0 75 113 3.3166247903554
 75 114 3.605551275463989 75 115 5.0990195135927845 75 116 1.0 75 117 2.449489742783178 75 118 1.4142135623730951 75 119 2.8284271247461903 75 120 1.7320508075688772 75 121 2.449489742783178 75 122 3.3166247903554 75 123 3.1622776601683795 75 124 2.0
 75 125 2.0 75 126 1.7320508075688772 75 127 2.6457513110645907 75 128 2.0 75 129 2.8284271247461903 75 130 1.7320508075688772 75 131 2.0 75 132 3.1622776601683795 75 133 3.7416573867739413 75 134 2.0 75 135 1.0
 75 136 4.123105625617661 75 137 2.23606797749979 75 138 4.242640687119285 75 139 5.196152422706632 75 140 2.0 75 141 4.123105625617661 75 142 2.0 75 143 2.23606797749979 75 144 2.8284271247461903 75 145 1.0 75 146 2.6457513110645907
 75 147 2.23606797749979 75 148 3.1622776601683795 75 149 4.795831523312719 75 150 1.4142135623730951 75 151 2.449489742783178 75 152 3.605551275463989 75 153 3.7416573867739413 75 154 2.23606797749979 75 155 3.4641016151377544 75 156 1.4142135623730951 75 157 2.23606797749979
 75 158 4.123105625617661 75 159 3.1622776601683795 75 160 4.242640687119285 75 161 1.7320508075688772 75 162 2.449489742783178 75 163 1.7320508075688772 75 164 3.0 75 165 2.23606797749979 75 166 2.0 75 167 3.3166247903554 75 168 2.0
 75 169 2.23606797749979 75 170 2.23606797749979 75 171 0.0 75 172 2.8284271247461903 75 173 2.0 75 174 4.358898943540674 75 175 3.1622776601683795 75 176 3.1622776601683795 75 177 2.23606797749979 75 178 4.123105625617661 75 179 3.1622776601683795
 75 180 4.69041575982343 75 181 1.7320508075688772 75 182 2.449489742783178 75 183 6.324555320336759 75 184 3.7416573867739413 75 185 3.0 75 186 3.3166247903554 75 187 2.8284271247461903 75 188 2.0 75 189 3.0 75 190 7.0710678118654755
 75 191 3.0 75 192 3.4641016151377544 75 193 3.4641016151377544 75 194 1.0 75 195 1.0 75 196 2.449489742783178 75 197 1.0 75 198 2.0 75 199 2.8284271247461903 75 200 2.23606797749979 75 201 2.6457513110645907
 75 202 3.605551275463989 75 203 2.449489742783178 75 204 2.449489742783178 75 205 2.23606797749979 75 206 1.7320508075688772 75 207 2.23606797749979 75 208 2.0 75 209 2.449489742783178 75 210 2.6457513110645907 75 211 2.0 75 212 1.4142135623730951
 75 213 2.0 75 214 1.7320508075688772 75 215 4.69041575982343 75 216 2.449489742783178 75 217 3.3166247903554 75 218 3.0 75 219 1.7320508075688772 75 220 5.0990195135927845 75 221 3.1622776601683795 75 222 2.449489742783178 75 223 2.23606797749979
 75 224 3.0 75 225 2.0 75 226 2.23606797749979 75 227 2.23606797749979 75 228 2.8284271247461903 75 229 3.4641016151377544 75 230 3.4641016151377544 75 231 2.6457513110645907 75 232 3.4641016151377544 75 233 3.4641016151377544 75 234 2.23606797749979
 75 235 3.1622776601683795 75 236 1.7320508075688772 75 237 2.8284271247461903 75 238 2.8284271247461903 75 239 2.8284271247461903 75 240 2.449489742783178 75 241 2.6457513110645907 75 242 3.0 75 243 2.23606797749979 75 244 3.3166247903554 75 245 2.23606797749979
 75 246 2.0 75 247 1.0 75 248 2.6457513110645907 75 249 4.0 75 250 2.6457513110645907 75 251 0.0 75 252 2.449489742783178 75 253 3.0 75 254 2.23606797749979 75 255 2.23606797749979 75 256 3.4641016151377544
 75 257 2.23606797749979 75 258 2.23606797749979 75 259 4.795831523312719 75 260 3.1622776601683795 75 261 3.3166247903554 75 262 1.7320508075688772 75 263 1.7320508075688772 75 264 3.0 75 265 3.1622776601683795 75 266 2.6457513110645907 75 267 2.23606797749979
 75 268 2.8284271247461903 75 269 1.7320508075688772 75 270 2.6457513110645907 75 271 1.7320508075688772 75 272 3.872983346207417 75 273 3.605551275463989 75 274 3.605551275463989 75 275 3.1622776601683795 75 276 3.0 75 277 2.23606797749979 75 278 3.1622776601683795
 75 279 2.23606797749979 75 280 2.0 76 77 3.0 76 78 3.872983346207417 76 79 3.1622776601683795 76 80 3.872983346207417 76 81 3.0 76 82 3.4641016151377544 76 83 3.7416573867739413 76 84 3.1622776601683795 76 85 3.1622776601683795
 76 86 2.8284271247461903 76 87 4.123105625617661 76 88 3.4641016151377544 76 89 3.4641016151377544 76 90 2.8284271247461903 76 91 2.8284271247461903 76 92 4.242640687119285 76 93 2.8284271247461903 76 94 2.8284271247461903 76 95 6.0 76 96 2.8284271247461903
 76 97 2.8284271247461903 76 98 3.1622776601683795 76 99 2.8284271247461903 76 100 2.449489742783178 76 101 2.8284271247461903 76 102 3.605551275463989 76 103 4.0 76 104 3.1622776601683795 76 105 2.6457513110645907 76 106 3.7416573867739413 76 107 4.69041575982343
 76 108 3.3166247903554 76 109 3.7416573867739413 76 110 2.8284271247461903 76 111 2.8284271247461903 76 112 2.8284271247461903 76 113 3.7416573867739413 76 114 4.0 76 115 5.385164807134504 76 116 2.449489742783178 76 117 3.3166247903554 76 118 2.6457513110645907
 76 119 3.3166247903554 76 120 2.449489742783178 76 121 3.0 76 122 3.7416573867739413 76 123 3.3166247903554 76 124 2.6457513110645907 76 125 3.0 76 126 2.449489742783178 76 127 3.1622776601683795 76 128 2.6457513110645907 76 129 3.605551275463989
 76 130 2.8284271247461903 76 131 2.6457513110645907 76 132 3.3166247903554 76 133 4.123105625617661 76 134 2.6457513110645907 76 135 2.449489742783178 76 136 4.0 76 137 2.449489742783178 76 138 5.0 76 139 5.830951894845301 76 140 2.6457513110645907
 76 141 4.47213595499958 76 142 2.6457513110645907 76 143 2.8284271247461903 76 144 2.6457513110645907 76 145 2.449489742783178 76 146 3.1622776601683795 76 147 2.449489742783178 76 148 3.3166247903554 76 149 4.69041575982343 76 150 3.0 76 151 2.6457513110645907
 76 152 4.0 76 153 4.123105625617661 76 154 3.1622776601683795 76 155 4.123105625617661 76 156 2.6457513110645907 76 157 2.449489742783178 76 158 4.242640687119285 76 159 3.605551275463989 76 160 4.795831523312719 76 161 2.8284271247461903 76 162 3.0
 76 163 2.8284271247461903 76 164 3.4641016151377544 76 165 3.4641016151377544 76 166 3.0 76 167 3.7416573867739413 76 168 3.0 76 169 2.8284271247461903 76 170 3.1622776601683795 76 171 2.6457513110645907 76 172 3.605551275463989 76 173 2.6457513110645907
 76 174 4.242640687119285 76 175 3.605551275463989 76 176 3.872983346207417 76 177 3.1622776601683795 76 178 4.47213595499958 76 179 3.605551275463989 76 180 4.58257569495584 76 181 2.8284271247461903 76 182 3.3166247903554 76 183 6.557438524302 76 184 3.872983346207417
 76 185 3.1622776601683795 76 186 3.7416573867739413 76 187 3.3166247903554 76 188 3.0 76 189 3.4641016151377544 76 190 7.280109889280518 76 191 3.7416573867739413 76 192 4.58257569495584 76 193 3.872983346207417 76 194 2.8284271247461903 76 195 2.449489742783178
 76 196 2.6457513110645907 76 197 2.449489742783178 76 198 3.0 76 199 3.605551275463989 76 200 2.449489742783178 76 201 3.4641016151377544 76 202 4.0 76 203 3.3166247903554 76 204 3.0 76 205 2.8284271247461903 76 206 2.8284271247461903
 76 207 2.8284271247461903 76 208 3.0 76 209 3.3166247903554 76 210 2.8284271247461903 76 211 3.0 76 212 2.6457513110645907 76 213 2.6457513110645907 76 214 3.1622776601683795 76 215 5.0 76 216 3.0 76 217 3.4641016151377544
 76 218 3.4641016151377544 76 219 2.8284271247461903 76 220 5.5677643628300215 76 221 3.3166247903554 76 222 3.3166247903554 76 223 2.8284271247461903 76 224 3.4641016151377544 76 225 3.0 76 226 2.8284271247461903 76 227 2.8284271247461903 76 228 3.0
 76 229 3.872983346207417 76 230 3.605551275463989 76 231 2.8284271247461903 76 232 4.123105625617661 76 233 3.605551275463989 76 234 3.1622776601683795 76 235 3.3166247903554 76 236 2.8284271247461903 76 237 3.3166247903554 76 238 3.0 76 239 3.3166247903554
 76 240 3.0 76 241 3.1622776601683795 76 242 2.8284271247461903 76 243 2.8284271247461903 76 244 3.4641016151377544 76 245 3.1622776601683795 76 246 3.3166247903554 76 247 2.8284271247461903 76 248 3.1622776601683795 76 249 4.58257569495584 76 250 3.1622776601683795
 76 251 2.6457513110645907 76 252 3.0 76 253 3.7416573867739413 76 254 2.8284271247461903 76 255 2.449489742783178 76 256 3.605551275463989 76 257 3.1622776601683795 76 258 2.8284271247461903 76 259 5.291502622129181 76 260 3.872983346207417 76 261 3.7416573867739413
 76 262 3.1622776601683795 76 263 2.449489742783178 76 264 4.0 76 265 3.605551275463989 76 266 3.4641016151377544 76 267 2.8284271247461903 76 268 3.3166247903554 76 269 2.8284271247461903 76 270 2.8284271247461903 76 271 2.8284271247461903 76 272 4.0
 76 273 4.242640687119285 76 274 3.7416573867739413 76 275 3.605551275463989 76 276 3.1622776601683795 76 277 3.1622776601683795 76 278 3.605551275463989 76 279 2.8284271247461903 76 280 2.6457513110645907 77 78 3.7416573867739413 77 79 3.3166247903554 77 80 3.7416573867739413
 77 81 3.1622776601683795 77 82 3.3166247903554 77 83 3.872983346207417 77 84 3.0 77 85 3.0 77 86 2.6457513110645907 77 87 3.7416573867739413 77 88 3.605551275463989 77 89 3.3166247903554 77 90 2.6457513110645907 77 91 2.6457513110645907
 77 92 4.123105625617661 77 93 2.6457513110645907 77 94 3.0 77 95 5.916079783099616 77 96 2.6457513110645907 77 97 2.23606797749979 77 98 3.0 77 99 2.23606797749979 77 100 2.23606797749979 77 101 2.23606797749979 77 102 3.4641016151377544
 77 103 3.605551275463989 77 104 2.6457513110645907 77 105 2.449489742783178 77 106 3.605551275463989 77 107 4.795831523312719 77 108 3.1622776601683795 77 109 3.605551275463989 77 110 2.23606797749979 77 111 3.0 77 112 2.6457513110645907 77 113 3.605551275463989
 77 114 4.358898943540674 77 115 5.656854249492381 77 116 2.23606797749979 77 117 3.1622776601683795 77 118 2.449489742783178 77 119 2.8284271247461903 77 120 2.23606797749979 77 121 2.449489742783178 77 122 3.605551275463989 77 123 3.1622776601683795 77 124 2.449489742783178
 77 125 2.449489742783178 77 126 1.7320508075688772 77 127 2.6457513110645907 77 128 2.449489742783178 77 129 3.4641016151377544 77 130 2.6457513110645907 77 131 2.449489742783178 77 132 3.4641016151377544 77 133 3.7416573867739413 77 134 2.449489742783178 77 135 2.23606797749979
 77 136 4.123105625617661 77 137 2.23606797749979 77 138 4.898979485566356 77 139 5.5677643628300215 77 140 2.449489742783178 77 141 4.358898943540674 77 142 2.449489742783178 77 143 2.6457513110645907 77 144 2.8284271247461903 77 145 2.23606797749979 77 146 2.6457513110645907
 77 147 2.23606797749979 77 148 3.1622776601683795 77 149 4.58257569495584 77 150 2.8284271247461903 77 151 2.449489742783178 77 152 3.605551275463989 77 153 4.0 77 154 3.0 77 155 4.0 77 156 2.449489742783178 77 157 2.23606797749979
 77 158 3.872983346207417 77 159 3.1622776601683795 77 160 4.47213595499958 77 161 2.6457513110645907 77 162 2.8284271247461903 77 163 2.6457513110645907 77 164 3.0 77 165 3.3166247903554 77 166 2.8284271247461903 77 167 3.3166247903554 77 168 2.8284271247461903
 77 169 2.6457513110645907 77 170 3.0 77 171 2.449489742783178 77 172 3.4641016151377544 77 173 2.449489742783178 77 174 4.358898943540674 77 175 3.7416573867739413 77 176 3.4641016151377544 77 177 3.0 77 178 3.872983346207417 77 179 3.4641016151377544
 77 180 4.898979485566356 77 181 2.6457513110645907 77 182 2.8284271247461903 77 183 6.48074069840786 77 184 4.0 77 185 3.0 77 186 3.605551275463989 77 187 3.1622776601683795 77 188 2.8284271247461903 77 189 3.3166247903554 77 190 7.615773105863909
 77 191 3.605551275463989 77 192 4.69041575982343 77 193 3.4641016151377544 77 194 2.6457513110645907 77 195 2.23606797749979 77 196 2.449489742783178 77 197 2.23606797749979 77 198 2.8284271247461903 77 199 3.4641016151377544 77 200 2.23606797749979 77 201 3.3166247903554
 77 202 3.872983346207417 77 203 2.8284271247461903 77 204 2.8284271247461903 77 205 2.6457513110645907 77 206 2.6457513110645907 77 207 2.6457513110645907 77 208 2.8284271247461903 77 209 3.1622776601683795 77 210 3.0 77 211 2.8284271247461903 77 212 2.449489742783178
 77 213 2.449489742783178 77 214 3.0 77 215 4.69041575982343 77 216 2.8284271247461903 77 217 3.605551275463989 77 218 3.0 77 219 2.6457513110645907 77 220 5.291502622129181 77 221 3.4641016151377544 77 222 3.1622776601683795 77 223 2.6457513110645907
 77 224 3.605551275463989 77 225 2.8284271247461903 77 226 2.23606797749979 77 227 2.6457513110645907 77 228 2.8284271247461903 77 229 3.7416573867739413 77 230 3.4641016151377544 77 231 2.6457513110645907 77 232 4.242640687119285 77 233 3.4641016151377544 77 234 3.0
 77 235 3.1622776601683795 77 236 2.6457513110645907 77 237 3.1622776601683795 77 238 2.8284271247461903 77 239 2.8284271247461903 77 240 2.449489742783178 77 241 3.0 77 242 3.0 77 243 2.23606797749979 77 244 3.3166247903554 77 245 3.0
 77 246 3.1622776601683795 77 247 2.6457513110645907 77 248 2.6457513110645907 77 249 4.47213595499958 77 250 2.6457513110645907 77 251 2.449489742783178 77 252 2.449489742783178 77 253 3.605551275463989 77 254 2.23606797749979 77 255 2.23606797749979 77 256 3.7416573867739413
 77 257 3.0 77 258 2.6457513110645907 77 259 5.196152422706632 77 260 3.4641016151377544 77 261 3.3166247903554 77 262 3.0 77 263 2.23606797749979 77 264 3.605551275463989 77 265 3.4641016151377544 77 266 3.3166247903554 77 267 2.6457513110645907
 77 268 3.1622776601683795 77 269 2.6457513110645907 77 270 2.6457513110645907 77 271 2.6457513110645907 77 272 4.123105625617661 77 273 3.872983346207417 77 274 3.605551275463989 77 275 3.4641016151377544 77 276 3.0 77 277 2.6457513110645907 77 278 3.1622776601683795
 77 279 2.23606797749979 77 280 2.8284271247461903 78 79 3.872983346207417 78 80 4.69041575982343 78 81 3.4641016151377544 78 82 3.872983346207417 78 83 4.795831523312719 78 84 3.605551275463989 78 85 4.123105625617661 78 86 3.872983346207417 78 87 4.47213595499958
 78 88 4.358898943540674 78 89 4.358898943540674 78 90 3.872983346207417 78 91 3.872983346207417 78 92 5.0 78 93 3.3166247903554 78 94 3.872983346207417 78 95 6.557438524302 78 96 3.872983346207417 78 97 3.3166247903554 78 98 3.605551275463989
 78 99 3.605551275463989 78 100 3.605551275463989 78 101 3.605551275463989 78 102 4.47213595499958 78 103 4.58257569495584 78 104 3.872983346207417 78 105 3.7416573867739413 78 106 4.58257569495584 78 107 5.385164807134504 78 108 4.242640687119285 78 109 4.358898943540674
 78 110 3.3166247903554 78 111 4.123105625617661 78 112 3.872983346207417 78 113 4.58257569495584 78 114 5.0 78 115 6.164414002968976 78 116 3.605551275463989 78 117 4.242640687119285 78 118 3.7416573867739413 78 119 4.0 78 120 3.605551275463989
 78 121 3.7416573867739413 78 122 4.58257569495584 78 123 4.242640687119285 78 124 3.1622776601683795 78 125 3.7416573867739413 78 126 3.605551275463989 78 127 3.872983346207417 78 128 3.1622776601683795 78 129 4.0 78 130 3.0 78 131 3.7416573867739413
 78 132 4.47213595499958 78 133 4.69041575982343 78 134 3.1622776601683795 78 135 3.605551275463989 78 136 4.795831523312719 78 137 3.0 78 138 5.656854249492381 78 139 6.4031242374328485 78 140 3.1622776601683795 78 141 4.58257569495584 78 142 3.1622776601683795
 78 143 3.872983346207417 78 144 3.1622776601683795 78 145 3.605551275463989 78 146 3.872983346207417 78 147 3.605551275463989 78 148 4.0 78 149 5.0 78 150 4.0 78 151 2.449489742783178 78 152 4.58257569495584 78 153 4.69041575982343
 78 154 4.123105625617661 78 155 4.898979485566356 78 156 3.7416573867739413 78 157 3.605551275463989 78 158 4.123105625617661 78 159 3.7416573867739413 78 160 5.291502622129181 78 161 3.3166247903554 78 162 3.1622776601683795 78 163 3.872983346207417 78 164 4.123105625617661
 78 165 4.358898943540674 78 166 4.0 78 167 4.358898943540674 78 168 3.7416573867739413 78 169 3.872983346207417 78 170 4.123105625617661 78 171 3.7416573867739413 78 172 4.47213595499958 78 173 3.7416573867739413 78 174 4.795831523312719 78 175 4.69041575982343
 78 176 4.47213595499958 78 177 4.123105625617661 78 178 5.0 78 179 4.47213595499958 78 180 5.477225575051661 78 181 3.872983346207417 78 182 4.242640687119285 78 183 6.782329983125268 78 184 4.69041575982343 78 185 4.123105625617661 78 186 4.58257569495584
 78 187 4.242640687119285 78 188 3.1622776601683795 78 189 4.358898943540674 78 190 8.0 78 191 4.58257569495584 78 192 5.0990195135927845 78 193 4.47213595499958 78 194 3.872983346207417 78 195 3.605551275463989 78 196 3.7416573867739413 78 197 3.605551275463989
 78 198 4.0 78 199 3.7416573867739413 78 200 3.605551275463989 78 201 4.358898943540674 78 202 4.795831523312719 78 203 3.4641016151377544 78 204 3.1622776601683795 78 205 3.3166247903554 78 206 3.3166247903554 78 207 3.872983346207417 78 208 3.4641016151377544
 78 209 4.242640687119285 78 210 3.605551275463989 78 211 4.0 78 212 3.1622776601683795 78 213 3.7416573867739413 78 214 3.605551275463989 78 215 5.477225575051661 78 216 4.0 78 217 4.123105625617661 78 218 4.123105625617661 78 219 3.872983346207417
 78 220 5.291502622129181 78 221 4.242640687119285 78 222 4.242640687119285 78 223 3.3166247903554 78 224 3.872983346207417 78 225 4.0 78 226 3.0 78 227 3.3166247903554 78 228 4.0 78 229 4.69041575982343 78 230 4.47213595499958
 78 231 3.872983346207417 78 232 4.69041575982343 78 233 4.242640687119285 78 234 3.605551275463989 78 235 4.0 78 236 3.3166247903554 78 237 4.242640687119285 78 238 3.7416573867739413 78 239 3.4641016151377544 78 240 3.7416573867739413 78 241 3.605551275463989
 78 242 3.872983346207417 78 243 3.605551275463989 78 244 4.123105625617661 78 245 3.605551275463989 78 246 3.7416573867739413 78 247 3.872983346207417 78 248 3.872983346207417 78 249 5.291502622129181 78 250 3.872983346207417 78 251 3.7416573867739413 78 252 3.7416573867739413
 78 253 4.358898943540674 78 254 3.605551275463989 78 255 3.605551275463989 78 256 4.69041575982343 78 257 4.123105625617661 78 258 3.0 78 259 5.5677643628300215 78 260 4.47213595499958 78 261 3.872983346207417 78 262 4.123105625617661 78 263 3.605551275463989
 78 264 4.795831523312719 78 265 4.0 78 266 4.358898943540674 78 267 3.872983346207417 78 268 4.242640687119285 78 269 3.872983346207417 78 270 3.872983346207417 78 271 3.872983346207417 78 272 4.358898943540674 78 273 3.872983346207417 78 274 4.58257569495584
 78 275 4.47213595499958 78 276 3.872983346207417 78 277 3.872983346207417 78 278 3.7416573867739413 78 279 3.0 78 280 3.4641016151377544 79 80 4.358898943540674 79 81 2.6457513110645907 79 82 3.7416573867739413 79 83 4.0 79 84 3.1622776601683795
 79 85 3.7416573867739413 79 86 3.1622776601683795 79 87 4.358898943540674 79 88 3.7416573867739413 79 89 3.1622776601683795 79 90 3.1622776601683795 79 91 3.4641016151377544 79 92 4.0 79 93 2.8284271247461903 79 94 3.7416573867739413 79 95 6.0
 79 96 3.1622776601683795 79 97 3.1622776601683795 79 98 3.1622776601683795 79 99 3.1622776601683795 79 100 2.8284271247461903 79 101 3.1622776601683795 79 102 2.6457513110645907 79 103 4.242640687119285 79 104 3.4641016151377544 79 105 3.0 79 106 4.0
 79 107 5.291502622129181 79 108 3.605551275463989 79 109 4.242640687119285 79 110 3.1622776601683795 79 111 3.4641016151377544 79 112 3.1622776601683795 79 113 3.7416573867739413 79 114 4.242640687119285 79 115 5.5677643628300215 79 116 2.8284271247461903 79 117 3.605551275463989
 79 118 3.0 79 119 3.605551275463989 79 120 2.8284271247461903 79 121 3.3166247903554 79 122 4.0 79 123 3.605551275463989 79 124 2.6457513110645907 79 125 3.0 79 126 2.8284271247461903 79 127 3.4641016151377544 79 128 2.6457513110645907
 79 129 3.605551275463989 79 130 2.8284271247461903 79 131 3.0 79 132 3.872983346207417 79 133 4.358898943540674 79 134 2.6457513110645907 79 135 2.8284271247461903 79 136 4.69041575982343 79 137 2.8284271247461903 79 138 5.0 79 139 6.0
 79 140 2.6457513110645907 79 141 4.47213595499958 79 142 2.6457513110645907 79 143 3.1622776601683795 79 144 3.0 79 145 2.8284271247461903 79 146 3.4641016151377544 79 147 3.1622776601683795 79 148 3.872983346207417 79 149 5.0990195135927845 79 150 3.3166247903554
 79 151 3.0 79 152 4.242640687119285 79 153 4.358898943540674 79 154 3.4641016151377544 79 155 4.358898943540674 79 156 3.0 79 157 3.1622776601683795 79 158 4.242640687119285 79 159 3.3166247903554 79 160 5.0 79 161 2.8284271247461903
 79 162 3.0 79 163 3.1622776601683795 79 164 3.7416573867739413 79 165 3.7416573867739413 79 166 3.3166247903554 79 167 4.0 79 168 3.3166247903554 79 169 3.1622776601683795 79 170 3.4641016151377544 79 171 3.0 79 172 3.872983346207417
 79 173 3.0 79 174 4.898979485566356 79 175 3.872983346207417 79 176 4.123105625617661 79 177 3.4641016151377544 79 178 4.69041575982343 79 179 3.872983346207417 79 180 5.196152422706632 79 181 3.1622776601683795 79 182 3.605551275463989 79 183 5.5677643628300215
 79 184 4.358898943540674 79 185 3.4641016151377544 79 186 4.0 79 187 3.3166247903554 79 188 3.0 79 189 3.7416573867739413 79 190 7.416198487095663 79 191 4.0 79 192 4.58257569495584 79 193 4.123105625617661 79 194 3.1622776601683795
 79 195 2.8284271247461903 79 196 3.3166247903554 79 197 2.8284271247461903 79 198 3.3166247903554 79 199 3.605551275463989 79 200 3.1622776601683795 79 201 3.1622776601683795 79 202 4.242640687119285 79 203 3.3166247903554 79 204 3.0 79 205 2.8284271247461903
 79 206 2.449489742783178 79 207 2.449489742783178 79 208 3.0 79 209 3.605551275463989 79 210 3.1622776601683795 79 211 3.3166247903554 79 212 2.6457513110645907 79 213 3.0 79 214 2.8284271247461903 79 215 5.196152422706632 79 216 3.3166247903554
 79 217 4.242640687119285 79 218 3.7416573867739413 79 219 3.1622776601683795 79 220 5.385164807134504 79 221 3.872983346207417 79 222 3.605551275463989 79 223 2.8284271247461903 79 224 3.7416573867739413 79 225 3.3166247903554 79 226 2.8284271247461903 79 227 2.449489742783178
 79 228 3.605551275463989 79 229 4.358898943540674 79 230 4.123105625617661 79 231 3.4641016151377544 79 232 3.3166247903554 79 233 3.872983346207417 79 234 3.1622776601683795 79 235 3.872983346207417 79 236 2.8284271247461903 79 237 2.6457513110645907 79 238 3.3166247903554
 79 239 3.3166247903554 79 240 3.3166247903554 79 241 3.1622776601683795 79 242 3.7416573867739413 79 243 3.1622776601683795 79 244 4.0 79 245 3.1622776601683795 79 246 3.0 79 247 3.1622776601683795 79 248 3.4641016151377544 79 249 4.795831523312719
 79 250 3.4641016151377544 79 251 3.0 79 252 3.0 79 253 4.0 79 254 2.8284271247461903 79 255 3.1622776601683795 79 256 4.123105625617661 79 257 3.4641016151377544 79 258 2.8284271247461903 79 259 5.291502622129181 79 260 3.872983346207417
 79 261 3.7416573867739413 79 262 3.4641016151377544 79 263 2.8284271247461903 79 264 4.0 79 265 3.3166247903554 79 266 3.4641016151377544 79 267 3.1622776601683795 79 268 3.605551275463989 79 269 3.1622776601683795 79 270 3.4641016151377544 79 271 3.1622776601683795
 79 272 4.0 79 273 4.242640687119285 79 274 3.7416573867739413 79 275 3.605551275463989 79 276 3.7416573867739413 79 277 3.4641016151377544 79 278 3.605551275463989 79 279 2.449489742783178 79 280 2.6457513110645907 80 81 4.242640687119285 80 82 4.358898943540674
 80 83 4.795831523312719 80 84 4.123105625617661 80 85 3.872983346207417 80 86 3.872983346207417 80 87 4.69041575982343 80 88 4.358898943540674 80 89 4.358898943540674 80 90 3.605551275463989 80 91 3.605551275463989 80 92 4.795831523312719 80 93 3.605551275463989
 80 94 3.872983346207417 80 95 6.557438524302 80 96 3.605551275463989 80 97 3.605551275463989 80 98 4.123105625617661 80 99 3.605551275463989 80 100 3.605551275463989 80 101 3.605551275463989 80 102 4.242640687119285 80 103 4.358898943540674 80 104 3.872983346207417
 80 105 3.4641016151377544 80 106 4.58257569495584 80 107 5.385164807134504 80 108 4.242640687119285 80 109 4.58257569495584 80 110 3.605551275463989 80 111 3.872983346207417 80 112 3.605551275463989 80 113 4.58257569495584 80 114 5.196152422706632 80 115 6.324555320336759
 80 116 3.3166247903554 80 117 4.0 80 118 3.7416573867739413 80 119 4.0 80 120 3.3166247903554 80 121 3.7416573867739413 80 122 4.58257569495584 80 123 4.0 80 124 3.7416573867739413 80 125 3.4641016151377544 80 126 3.605551275463989
 80 127 3.872983346207417 80 128 3.7416573867739413 80 129 4.242640687119285 80 130 3.872983346207417 80 131 3.4641016151377544 80 132 4.242640687119285 80 133 4.69041575982343 80 134 3.7416573867739413 80 135 3.605551275463989 80 136 4.795831523312719 80 137 3.605551275463989
 80 138 5.656854249492381 80 139 6.4031242374328485 80 140 3.7416573867739413 80 141 5.196152422706632 80 142 3.7416573867739413 80 143 3.872983346207417 80 144 4.0 80 145 3.3166247903554 80 146 3.872983346207417 80 147 3.3166247903554 80 148 4.0
 80 149 5.385164807134504 80 150 3.7416573867739413 80 151 3.74