 0 1 3.0 0 2 3.872983346207417 0 3 2.6457513110645907 0 4 4.123105625617661 0 5 2.449489742783178 0 6 3.4641016151377544 0 7 3.3166247903554 0 8 3.1622776601683795 0 9 4.242640687119285 0 10 3.605551275463989 0 11 3.605551275463989
 0 12 3.3166247903554 0 13 2.449489742783178 0 14 3.1622776601683795 0 15 3.605551275463989 0 16 4.358898943540674 0 17 3.3166247903554 0 18 2.8284271247461903 0 19 3.872983346207417 0 20 3.605551275463989 0 21 4.358898943540674 0 22 4.47213595499958
 0 23 3.0 0 24 4.58257569495584 0 25 6.0 0 26 3.3166247903554 0 27 3.1622776601683795 0 28 4.123105625617661 0 29 4.123105625617661 0 30 3.7416573867739413 0 31 3.605551275463989 0 32 5.291502622129181 0 33 3.0
 0 34 3.3166247903554 0 35 3.0 0 36 3.0 0 37 2.8284271247461903 0 38 2.6457513110645907 0 39 3.3166247903554 0 40 3.0 0 41 3.872983346207417 0 42 3.1622776601683795 0 43 3.3166247903554 0 44 3.3166247903554
 0 45 3.1622776601683795 0 46 3.1622776601683795 0 47 3.1622776601683795 0 48 3.1622776601683795 0 49 3.1622776601683795 0 50 3.0 0 51 4.47213595499958 0 52 3.7416573867739413 0 53 3.3166247903554 0 54 4.47213595499958 0 55 4.242640687119285
 0 56 3.3166247903554 0 57 4.0 0 58 3.0 0 59 3.605551275463989 0 60 3.0 0 61 3.3166247903554 0 62 4.123105625617661 0 63 2.8284271247461903 0 64 3.872983346207417 0 65 3.4641016151377544 0 66 3.3166247903554
 0 67 3.1622776601683795 0 68 4.0 0 69 3.1622776601683795 0 70 3.0 0 71 2.8284271247461903 0 72 3.1622776601683795 0 73 3.7416573867739413 0 74 3.0 0 75 2.6457513110645907 0 76 3.4641016151377544 0 77 3.0
 0 78 4.123105625617661 0 79 3.7416573867739413 0 80 4.123105625617661 0 81 3.605551275463989 0 82 3.7416573867739413 0 83 4.0 0 84 3.4641016151377544 0 85 3.4641016151377544 0 86 2.8284271247461903 0 87 4.123105625617661 0 88 3.7416573867739413
 0 89 3.1622776601683795 0 90 3.1622776601683795 0 91 3.1622776601683795 0 92 4.47213595499958 0 93 3.1622776601683795 0 94 3.4641016151377544 0 95 6.164414002968976 0 96 3.1622776601683795 0 97 2.8284271247461903 0 98 3.4641016151377544 0 99 2.8284271247461903
 0 100 2.449489742783178 0 101 2.8284271247461903 0 102 3.605551275463989 0 103 4.0 0 104 3.1622776601683795 0 105 3.0 0 106 3.7416573867739413 0 107 5.0990195135927845 0 108 3.605551275463989 0 109 4.0 0 110 2.8284271247461903
 0 111 3.4641016151377544 0 112 2.8284271247461903 0 113 4.0 0 114 4.69041575982343 0 115 5.5677643628300215 0 116 2.8284271247461903 0 117 3.3166247903554 0 118 2.6457513110645907 0 119 3.3166247903554 0 120 2.8284271247461903 0 121 3.0
 0 122 4.0 0 123 3.605551275463989 0 124 3.0 0 125 3.0 0 126 2.8284271247461903 0 127 3.1622776601683795 0 128 3.0 0 129 3.3166247903554 0 130 2.8284271247461903 0 131 3.0 0 132 3.872983346207417
 0 133 4.123105625617661 0 134 3.0 0 135 2.449489742783178 0 136 4.47213595499958 0 137 2.8284271247461903 0 138 4.795831523312719 0 139 5.477225575051661 0 140 3.0 0 141 4.47213595499958 0 142 3.0 0 143 3.1622776601683795
 0 144 3.3166247903554 0 145 2.8284271247461903 0 146 3.1622776601683795 0 147 2.8284271247461903 0 148 3.605551275463989 0 149 5.0990195135927845 0 150 3.0 0 151 3.0 0 152 4.0 0 153 4.358898943540674 0 154 3.7416573867739413
 0 155 4.358898943540674 0 156 3.0 0 157 2.8284271247461903 0 158 4.47213595499958 0 159 3.605551275463989 0 160 4.795831523312719 0 161 2.8284271247461903 0 162 3.3166247903554 0 163 3.1622776601683795 0 164 3.4641016151377544 0 165 3.4641016151377544
 0 166 3.0 0 167 3.7416573867739413 0 168 3.0 0 169 3.1622776601683795 0 170 3.1622776601683795 0 171 2.6457513110645907 0 172 3.605551275463989 0 173 3.0 0 174 4.47213595499958 0 175 4.123105625617661 0 176 3.605551275463989
 0 177 3.4641016151377544 0 178 4.47213595499958 0 179 3.872983346207417 0 180 5.196152422706632 0 181 3.1622776601683795 0 182 3.605551275463989 0 183 6.708203932499369 0 184 4.358898943540674 0 185 3.4641016151377544 0 186 4.0 0 187 3.605551275463989
 0 188 3.0 0 189 3.7416573867739413 0 190 7.810249675906654 0 191 3.7416573867739413 0 192 4.358898943540674 0 193 3.605551275463989 0 194 2.8284271247461903 0 195 2.8284271247461903 0 196 3.0 0 197 2.449489742783178 0 198 2.6457513110645907
 0 199 3.605551275463989 0 200 2.8284271247461903 0 201 3.4641016151377544 0 202 4.242640687119285 0 203 3.3166247903554 0 204 3.3166247903554 0 205 3.1622776601683795 0 206 2.8284271247461903 0 207 3.1622776601683795 0 208 3.3166247903554 0 209 3.3166247903554
 0 210 3.4641016151377544 0 211 3.3166247903554 0 212 2.6457513110645907 0 213 3.0 0 214 3.1622776601683795 0 215 5.0 0 216 3.3166247903554 0 217 3.4641016151377544 0 218 3.4641016151377544 0 219 3.1622776601683795 0 220 5.196152422706632
 0 221 3.872983346207417 0 222 3.3166247903554 0 223 3.1622776601683795 0 224 3.4641016151377544 0 225 2.6457513110645907 0 226 2.8284271247461903 0 227 3.1622776601683795 0 228 3.3166247903554 0 229 4.123105625617661 0 230 3.872983346207417 0 231 3.1622776601683795
 0 232 4.358898943540674 0 233 3.605551275463989 0 234 3.1622776601683795 0 235 3.605551275463989 0 236 3.1622776601683795 0 237 3.605551275463989 0 238 3.3166247903554 0 239 3.3166247903554 0 240 3.0 0 241 3.4641016151377544 0 242 3.4641016151377544
 0 243 2.8284271247461903 0 244 3.7416573867739413 0 245 3.4641016151377544 0 246 3.3166247903554 0 247 2.8284271247461903 0 248 3.1622776601683795 0 249 4.58257569495584 0 250 3.1622776601683795 0 251 2.6457513110645907 0 252 3.0 0 253 3.7416573867739413
 0 254 2.8284271247461903 0 255 2.8284271247461903 0 256 4.123105625617661 0 257 2.8284271247461903 0 258 3.1622776601683795 0 259 5.291502622129181 0 260 3.872983346207417 0 261 3.7416573867739413 0 262 3.1622776601683795 0 263 2.8284271247461903 0 264 4.0
 0 265 3.605551275463989 0 266 3.7416573867739413 0 267 3.1622776601683795 0 268 3.605551275463989 0 269 2.8284271247461903 0 270 3.1622776601683795 0 271 3.1622776601683795 0 272 4.47213595499958 0 273 4.242640687119285 0 274 4.0 0 275 3.872983346207417
 0 276 3.4641016151377544 0 277 3.1622776601683795 0 278 3.605551275463989 0 279 2.8284271247461903 0 280 3.3166247903554 1 2 3.7416573867739413 1 3 2.449489742783178 1 4 4.0 1 5 3.0 1 6 3.3166247903554 1 7 3.1622776601683795
 1 8 3.3166247903554 1 9 4.58257569495584 1 10 3.4641016151377544 1 11 3.7416573867739413 1 12 2.8284271247461903 1 13 2.23606797749979 1 14 3.0 1 15 3.4641016151377544 1 16 3.1622776601683795 1 17 3.1622776601683795 1 18 2.6457513110645907
 1 19 3.7416573867739413 1 20 3.4641016151377544 1 21 4.242640687119285 1 22 4.58257569495584 1 23 2.8284271247461903 1 24 4.0 1 25 6.244997998398398 1 26 2.8284271247461903 1 27 3.0 1 28 4.0 1 29 3.7416573867739413
 1 30 3.605551275463989 1 31 3.4641016151377544 1 32 5.196152422706632 1 33 2.449489742783178 1 34 3.1622776601683795 1 35 2.8284271247461903 1 36 2.8284271247461903 1 37 3.0 1 38 2.449489742783178 1 39 2.8284271247461903 1 40 2.8284271247461903
 1 41 3.4641016151377544 1 42 2.6457513110645907 1 43 3.4641016151377544 1 44 2.8284271247461903 1 45 3.0 1 46 3.0 1 47 3.0 1 48 3.0 1 49 2.23606797749979 1 50 2.8284271247461903 1 51 4.358898943540674
 1 52 3.605551275463989 1 53 2.8284271247461903 1 54 4.358898943540674 1 55 4.123105625617661 1 56 3.4641016151377544 1 57 3.872983346207417 1 58 3.1622776601683795 1 59 2.8284271247461903 1 60 2.449489742783178 1 61 3.1622776601683795 1 62 3.4641016151377544
 1 63 2.23606797749979 1 64 3.1622776601683795 1 65 3.3166247903554 1 66 2.8284271247461903 1 67 2.6457513110645907 1 68 3.605551275463989 1 69 2.6457513110645907 1 70 2.0 1 71 2.23606797749979 1 72 3.3166247903554 1 73 3.605551275463989
 1 74 2.449489742783178 1 75 2.449489742783178 1 76 3.0 1 77 2.8284271247461903 1 78 3.4641016151377544 1 79 3.0 1 80 4.0 1 81 2.8284271247461903 1 82 3.3166247903554 1 83 3.872983346207417 1 84 2.6457513110645907
 1 85 3.3166247903554 1 86 2.6457513110645907 1 87 4.0 1 88 3.605551275463989 1 89 3.3166247903554 1 90 2.6457513110645907 1 91 3.0 1 92 4.358898943540674 1 93 2.23606797749979 1 94 3.3166247903554 1 95 5.916079783099616
 1 96 2.6457513110645907 1 97 2.6457513110645907 1 98 2.6457513110645907 1 99 2.6457513110645907 1 100 2.23606797749979 1 101 2.6457513110645907 1 102 3.4641016151377544 1 103 3.872983346207417 1 104 3.0 1 105 2.449489742783178 1 106 3.605551275463989
 1 107 5.0 1 108 3.1622776601683795 1 109 3.872983346207417 1 110 2.6457513110645907 1 111 3.3166247903554 1 112 2.6457513110645907 1 113 3.605551275463989 1 114 3.872983346207417 1 115 5.291502622129181 1 116 2.23606797749979 1 117 3.1622776601683795
 1 118 2.449489742783178 1 119 3.1622776601683795 1 120 2.23606797749979 1 121 2.8284271247461903 1 122 3.605551275463989 1 123 3.4641016151377544 1 124 2.0 1 125 2.8284271247461903 1 126 2.23606797749979 1 127 3.0 1 128 2.0
 1 129 3.1622776601683795 1 130 2.23606797749979 1 131 2.449489742783178 1 132 3.1622776601683795 1 133 4.0 1 134 2.0 1 135 2.23606797749979 1 136 4.358898943540674 1 137 2.23606797749979 1 138 4.898979485566356 1 139 5.744562646538029
 1 140 2.0 1 141 4.123105625617661 1 142 2.0 1 143 2.23606797749979 1 144 2.8284271247461903 1 145 2.23606797749979 1 146 3.0 1 147 2.6457513110645907 1 148 3.4641016151377544 1 149 4.795831523312719 1 150 2.8284271247461903
 1 151 2.449489742783178 1 152 3.872983346207417 1 153 4.0 1 154 3.0 1 155 4.0 1 156 2.449489742783178 1 157 2.6457513110645907 1 158 3.872983346207417 1 159 2.8284271247461903 1 160 4.47213595499958 1 161 2.23606797749979
 1 162 2.449489742783178 1 163 2.6457513110645907 1 164 3.0 1 165 3.3166247903554 1 166 2.8284271247461903 1 167 3.605551275463989 1 168 2.8284271247461903 1 169 2.6457513110645907 1 170 3.0 1 171 2.449489742783178 1 172 3.4641016151377544
 1 173 2.449489742783178 1 174 4.58257569495584 1 175 3.4641016151377544 1 176 3.7416573867739413 1 177 3.0 1 178 4.358898943540674 1 179 3.4641016151377544 1 180 4.898979485566356 1 181 2.6457513110645907 1 182 3.1622776601683795 1 183 6.324555320336759
 1 184 4.0 1 185 3.3166247903554 1 186 3.3166247903554 1 187 2.8284271247461903 1 188 2.449489742783178 1 189 3.3166247903554 1 190 7.211102550927978 1 191 3.605551275463989 1 192 4.242640687119285 1 193 3.7416573867739413 1 194 2.6457513110645907
 1 195 2.23606797749979 1 196 2.8284271247461903 1 197 2.23606797749979 1 198 2.8284271247461903 1 199 3.1622776601683795 1 200 2.6457513110645907 1 201 3.3166247903554 1 202 3.872983346207417 1 203 2.8284271247461903 1 204 2.0 1 205 1.7320508075688772
 1 206 2.23606797749979 1 207 2.6457513110645907 1 208 2.449489742783178 1 209 3.1622776601683795 1 210 2.6457513110645907 1 211 2.8284271247461903 1 212 2.0 1 213 2.449489742783178 1 214 2.6457513110645907 1 215 4.898979485566356 1 216 2.8284271247461903
 1 217 3.872983346207417 1 218 3.3166247903554 1 219 2.6457513110645907 1 220 4.898979485566356 1 221 3.1622776601683795 1 222 3.1622776601683795 1 223 1.7320508075688772 1 224 3.3166247903554 1 225 2.8284271247461903 1 226 2.23606797749979 1 227 2.23606797749979
 1 228 3.1622776601683795 1 229 4.0 1 230 3.7416573867739413 1 231 3.0 1 232 3.7416573867739413 1 233 3.7416573867739413 1 234 2.6457513110645907 1 235 3.4641016151377544 1 236 2.23606797749979 1 237 3.1622776601683795 1 238 3.1622776601683795
 1 239 2.8284271247461903 1 240 2.8284271247461903 1 241 2.23606797749979 1 242 3.3166247903554 1 243 2.6457513110645907 1 244 3.605551275463989 1 245 2.6457513110645907 1 246 2.8284271247461903 1 247 2.6457513110645907 1 248 3.0 1 249 4.47213595499958
 1 250 3.0 1 251 2.449489742783178 1 252 2.8284271247461903 1 253 3.605551275463989 1 254 2.6457513110645907 1 255 2.6457513110645907 1 256 3.7416573867739413 1 257 3.0 1 258 2.23606797749979 1 259 5.0 1 260 3.7416573867739413
 1 261 3.3166247903554 1 262 3.0 1 263 2.23606797749979 1 264 3.872983346207417 1 265 3.1622776601683795 1 266 3.3166247903554 1 267 2.6457513110645907 1 268 3.1622776601683795 1 269 2.6457513110645907 1 270 3.0 1 271 2.6457513110645907
 1 272 3.605551275463989 1 273 3.605551275463989 1 274 3.872983346207417 1 275 3.4641016151377544 1 276 3.3166247903554 1 277 3.0 1 278 3.1622776601683795 1 279 2.23606797749979 1 280 2.449489742783178 2 3 3.4641016151377544 2 4 4.69041575982343
 2 5 3.872983346207417 2 6 3.872983346207417 2 7 4.0 2 8 4.123105625617661 2 9 5.196152422706632 2 10 4.242640687119285 2 11 4.47213595499958 2 12 3.7416573867739413 2 13 3.3166247903554 2 14 3.872983346207417 2 15 4.242640687119285
 2 16 4.69041575982343 2 17 4.0 2 18 3.605551275463989 2 19 4.47213595499958 2 20 4.47213595499958 2 21 4.898979485566356 2 22 4.58257569495584 2 23 3.7416573867739413 2 24 5.0990195135927845 2 25 6.557438524302 2 26 3.7416573867739413
 2 27 3.3166247903554 2 28 4.69041575982343 2 29 4.69041575982343 2 30 4.358898943540674 2 31 4.242640687119285 2 32 5.744562646538029 2 33 3.4641016151377544 2 34 4.0 2 35 3.7416573867739413 2 36 3.7416573867739413 2 37 3.872983346207417
 2 38 3.4641016151377544 2 39 4.0 2 40 3.7416573867739413 2 41 4.242640687119285 2 42 3.605551275463989 2 43 4.242640687119285 2 44 3.7416573867739413 2 45 3.872983346207417 2 46 3.872983346207417 2 47 3.872983346207417 2 48 3.872983346207417
 2 49 3.605551275463989 2 50 3.7416573867739413 2 51 5.0 2 52 4.358898943540674 2 53 4.0 2 54 4.795831523312719 2 55 4.795831523312719 2 56 4.242640687119285 2 57 4.58257569495584 2 58 4.0 2 59 4.0
 2 60 3.4641016151377544 2 61 4.0 2 62 4.47213595499958 2 63 3.605551275463989 2 64 4.242640687119285 2 65 4.123105625617661 2 66 4.0 2 67 3.872983346207417 2 68 4.358898943540674 2 69 3.872983346207417 2 70 3.4641016151377544
 2 71 3.605551275463989 2 72 4.123105625617661 2 73 4.358898943540674 2 74 3.4641016151377544 2 75 3.4641016151377544 2 76 3.872983346207417 2 77 3.7416573867739413 2 78 4.69041575982343 2 79 4.123105625617661 2 80 4.69041575982343 2 81 4.0
 2 82 4.123105625617661 2 83 4.58257569495584 2 84 3.872983346207417 2 85 4.123105625617661 2 86 3.605551275463989 2 87 4.69041575982343 2 88 4.358898943540674 2 89 4.123105625617661 2 90 3.605551275463989 2 91 3.872983346207417 2 92 5.0
 2 93 3.605551275463989 2 94 4.123105625617661 2 95 6.4031242374328485 2 96 3.605551275463989 2 97 3.605551275463989 2 98 3.872983346207417 2 99 3.605551275463989 2 100 3.3166247903554 2 101 3.605551275463989 2 102 4.242640687119285 2 103 4.58257569495584
 2 104 3.872983346207417 2 105 3.4641016151377544 2 106 4.358898943540674 2 107 5.385164807134504 2 108 4.0 2 109 4.58257569495584 2 110 3.605551275463989 2 111 4.123105625617661 2 112 3.605551275463989 2 113 4.358898943540674 2 114 4.58257569495584
 2 115 5.830951894845301 2 116 3.3166247903554 2 117 4.0 2 118 3.4641016151377544 2 119 4.0 2 120 3.3166247903554 2 121 3.7416573867739413 2 122 4.358898943540674 2 123 4.242640687119285 2 124 3.4641016151377544 2 125 3.7416573867739413
 2 126 3.3166247903554 2 127 3.872983346207417 2 128 3.4641016151377544 2 129 4.242640687119285 2 130 3.605551275463989 2 131 3.4641016151377544 2 132 4.242640687119285 2 133 4.69041575982343 2 134 3.4641016151377544 2 135 3.3166247903554 2 136 5.0
 2 137 3.605551275463989 2 138 5.477225575051661 2 139 6.244997998398398 2 140 3.4641016151377544 2 141 5.0 2 142 3.4641016151377544 2 143 3.605551275463989 2 144 4.0 2 145 3.3166247903554 2 146 3.872983346207417 2 147 3.605551275463989
 2 148 4.242640687119285 2 149 5.5677643628300215 2 150 3.7416573867739413 2 151 3.7416573867739413 2 152 4.58257569495584 2 153 4.69041575982343 2 154 3.872983346207417 2 155 4.69041575982343 2 156 3.4641016151377544 2 157 3.605551275463989 2 158 5.0
 2 159 4.242640687119285 2 160 5.291502622129181 2 161 3.605551275463989 2 162 3.7416573867739413 2 163 3.605551275463989 2 164 3.605551275463989 2 165 3.872983346207417 2 166 3.7416573867739413 2 167 4.358898943540674 2 168 3.7416573867739413 2 169 3.605551275463989
 2 170 3.872983346207417 2 171 3.4641016151377544 2 172 4.242640687119285 2 173 3.4641016151377544 2 174 5.196152422706632 2 175 4.242640687119285 2 176 4.242640687119285 2 177 3.872983346207417 2 178 4.795831523312719 2 179 4.242640687119285 2 180 5.0990195135927845
 2 181 3.605551275463989 2 182 4.0 2 183 6.928203230275509 2 184 4.69041575982343 2 185 3.872983346207417 2 186 3.605551275463989 2 187 4.0 2 188 3.7416573867739413 2 189 4.123105625617661 2 190 7.615773105863909 2 191 4.358898943540674
 2 192 5.0990195135927845 2 193 4.47213595499958 2 194 3.605551275463989 2 195 3.3166247903554 2 196 3.7416573867739413 2 197 3.3166247903554 2 198 3.7416573867739413 2 199 4.242640687119285 2 200 3.605551275463989 2 201 4.123105625617661 2 202 4.58257569495584
 2 203 4.0 2 204 3.7416573867739413 2 205 3.605551275463989 2 206 3.605551275463989 2 207 3.605551275463989 2 208 3.7416573867739413 2 209 4.0 2 210 3.872983346207417 2 211 3.7416573867739413 2 212 3.4641016151377544 2 213 3.4641016151377544
 2 214 3.872983346207417 2 215 5.477225575051661 2 216 3.7416573867739413 2 217 4.58257569495584 2 218 4.123105625617661 2 219 3.605551275463989 2 220 6.0 2 221 4.0 2 222 4.0 2 223 3.605551275463989 2 224 4.358898943540674
 2 225 3.7416573867739413 2 226 3.605551275463989 2 227 3.605551275463989 2 228 4.0 2 229 4.69041575982343 2 230 4.47213595499958 2 231 3.872983346207417 2 232 4.69041575982343 2 233 4.47213595499958 2 234 3.872983346207417 2 235 4.242640687119285
 2 236 3.605551275463989 2 237 3.4641016151377544 2 238 4.0 2 239 4.0 2 240 3.7416573867739413 2 241 3.872983346207417 2 242 3.605551275463989 2 243 3.605551275463989 2 244 4.358898943540674 2 245 3.872983346207417 2 246 4.0
 2 247 3.605551275463989 2 248 3.872983346207417 2 249 4.47213595499958 2 250 3.872983346207417 2 251 3.4641016151377544 2 252 3.7416573867739413 2 253 4.358898943540674 2 254 3.605551275463989 2 255 3.605551275463989 2 256 4.47213595499958 2 257 3.872983346207417
 2 258 3.605551275463989 2 259 5.744562646538029 2 260 4.47213595499958 2 261 4.358898943540674 2 262 3.872983346207417 2 263 3.3166247903554 2 264 4.58257569495584 2 265 4.242640687119285 2 266 4.123105625617661 2 267 3.605551275463989 2 268 4.0
 2 269 3.605551275463989 2 270 3.872983346207417 2 271 3.605551275463989 2 272 4.795831523312719 2 273 4.795831523312719 2 274 4.58257569495584 2 275 4.0 2 276 4.123105625617661 2 277 3.872983346207417 2 278 4.242640687119285 2 279 3.605551275463989
 2 280 3.7416573867739413 3 4 3.7416573867739413 3 5 2.23606797749979 3 6 3.0 3 7 2.8284271247461903 3 8 2.6457513110645907 3 9 4.123105625617661 3 10 3.1622776601683795 3 11 3.4641016151377544 3 12 2.449489742783178 3 13 1.0
 3 14 2.6457513110645907 3 15 3.1622776601683795 3 16 3.4641016151377544 3 17 2.8284271247461903 3 18 2.23606797749979 3 19 3.1622776601683795 3 20 3.1622776601683795 3 21 4.0 3 22 4.358898943540674 3 23 2.449489742783178 3 24 4.0
 3 25 5.916079783099616 3 26 2.449489742783178 3 27 2.6457513110645907 3 28 3.7416573867739413 3 29 3.4641016151377544 3 30 3.3166247903554 3 31 3.1622776601683795 3 32 5.0 3 33 2.0 3 34 2.8284271247461903 3 35 2.449489742783178
 3 36 2.449489742783178 3 37 2.6457513110645907 3 38 1.4142135623730951 3 39 2.8284271247461903 3 40 2.0 3 41 3.1622776601683795 3 42 2.23606797749979 3 43 3.1622776601683795 3 44 2.449489742783178 3 45 2.6457513110645907 3 46 2.6457513110645907
 3 47 2.6457513110645907 3 48 2.23606797749979 3 49 2.23606797749979 3 50 2.449489742783178 3 51 4.123105625617661 3 52 3.3166247903554 3 53 2.8284271247461903 3 54 4.123105625617661 3 55 3.872983346207417 3 56 3.1622776601683795 3 57 3.605551275463989
 3 58 2.449489742783178 3 59 2.8284271247461903 3 60 2.0 3 61 2.8284271247461903 3 62 3.4641016151377544 3 63 1.7320508075688772 3 64 2.8284271247461903 3 65 3.0 3 66 2.8284271247461903 3 67 2.6457513110645907 3 68 3.3166247903554
 3 69 2.6457513110645907 3 70 2.0 3 71 1.7320508075688772 3 72 3.0 3 73 3.3166247903554 3 74 2.0 3 75 1.4142135623730951 3 76 2.6457513110645907 3 77 2.449489742783178 3 78 3.7416573867739413 3 79 3.0
 3 80 3.7416573867739413 3 81 2.8284271247461903 3 82 3.0 3 83 3.3166247903554 3 84 2.6457513110645907 3 85 3.0 3 86 1.7320508075688772 3 87 3.7416573867739413 3 88 3.3166247903554 3 89 2.6457513110645907 3 90 2.23606797749979
 3 91 2.6457513110645907 3 92 4.123105625617661 3 93 2.23606797749979 3 94 3.0 3 95 5.744562646538029 3 96 2.23606797749979 3 97 2.23606797749979 3 98 2.6457513110645907 3 99 2.23606797749979 3 100 1.0 3 101 2.23606797749979
 3 102 2.8284271247461903 3 103 3.605551275463989 3 104 2.6457513110645907 3 105 2.0 3 106 3.0 3 107 4.795831523312719 3 108 2.8284271247461903 3 109 3.605551275463989 3 110 2.23606797749979 3 111 3.0 3 112 1.7320508075688772
 3 113 3.3166247903554 3 114 3.605551275463989 3 115 5.0990195135927845 3 116 1.7320508075688772 3 117 2.8284271247461903 3 118 1.4142135623730951 3 119 2.8284271247461903 3 120 1.7320508075688772 3 121 2.449489742783178 3 122 3.3166247903554 3 123 3.1622776601683795
 3 124 2.0 3 125 2.449489742783178 3 126 1.7320508075688772 3 127 2.6457513110645907 3 128 2.0 3 129 3.1622776601683795 3 130 1.7320508075688772 3 131 2.0 3 132 3.1622776601683795 3 133 3.7416573867739413 3 134 2.0
 3 135 1.0 3 136 4.123105625617661 3 137 2.23606797749979 3 138 4.242640687119285 3 139 5.196152422706632 3 140 2.0 3 141 4.123105625617661 3 142 2.0 3 143 2.23606797749979 3 144 2.8284271247461903 3 145 1.7320508075688772
 3 146 2.6457513110645907 3 147 2.23606797749979 3 148 3.1622776601683795 3 149 4.795831523312719 3 150 2.0 3 151 2.449489742783178 3 152 3.605551275463989 3 153 3.7416573867739413 3 154 2.6457513110645907 3 155 3.7416573867739413 3 156 2.0
 3 157 2.23606797749979 3 158 4.123105625617661 3 159 3.1622776601683795 3 160 4.47213595499958 3 161 1.7320508075688772 3 162 2.449489742783178 3 163 2.23606797749979 3 164 3.0 3 165 2.6457513110645907 3 166 2.0 3 167 3.3166247903554
 3 168 2.0 3 169 2.23606797749979 3 170 2.6457513110645907 3 171 1.4142135623730951 3 172 2.8284271247461903 3 173 2.0 3 174 4.358898943540674 3 175 3.1622776601683795 3 176 3.4641016151377544 3 177 2.6457513110645907 3 178 4.123105625617661
 3 179 3.1622776601683795 3 180 4.69041575982343 3 181 2.23606797749979 3 182 2.8284271247461903 3 183 6.324555320336759 3 184 3.7416573867739413 3 185 3.0 3 186 3.3166247903554 3 187 2.8284271247461903 3 188 2.0 3 189 3.0
 3 190 7.0710678118654755 3 191 2.6457513110645907 3 192 3.7416573867739413 3 193 3.4641016151377544 3 194 1.7320508075688772 3 195 1.7320508075688772 3 196 2.449489742783178 3 197 1.0 3 198 2.0 3 199 2.8284271247461903 3 200 2.23606797749979
 3 201 2.6457513110645907 3 202 3.605551275463989 3 203 2.8284271247461903 3 204 2.449489742783178 3 205 2.23606797749979 3 206 1.7320508075688772 3 207 2.23606797749979 3 208 2.449489742783178 3 209 2.449489742783178 3 210 2.6457513110645907 3 211 2.449489742783178
 3 212 1.4142135623730951 3 213 2.0 3 214 2.23606797749979 3 215 4.69041575982343 3 216 2.449489742783178 3 217 3.3166247903554 3 218 3.0 3 219 2.23606797749979 3 220 5.291502622129181 3 221 3.1622776601683795 3 222 2.449489742783178
 3 223 2.23606797749979 3 224 3.0 3 225 2.0 3 226 2.23606797749979 3 227 2.23606797749979 3 228 2.8284271247461903 3 229 3.7416573867739413 3 230 3.4641016151377544 3 231 2.6457513110645907 3 232 3.4641016151377544 3 233 3.4641016151377544
 3 234 2.23606797749979 3 235 3.1622776601683795 3 236 2.23606797749979 3 237 2.8284271247461903 3 238 2.8284271247461903 3 239 2.8284271247461903 3 240 2.449489742783178 3 241 2.6457513110645907 3 242 3.0 3 243 2.23606797749979 3 244 3.3166247903554
 3 245 2.6457513110645907 3 246 2.449489742783178 3 247 1.7320508075688772 3 248 2.6457513110645907 3 249 4.0 3 250 2.6457513110645907 3 251 1.4142135623730951 3 252 2.449489742783178 3 253 3.0 3 254 2.23606797749979 3 255 2.23606797749979
 3 256 3.4641016151377544 3 257 2.23606797749979 3 258 2.23606797749979 3 259 4.795831523312719 3 260 3.4641016151377544 3 261 3.3166247903554 3 262 2.23606797749979 3 263 1.7320508075688772 3 264 3.3166247903554 3 265 3.1622776601683795 3 266 3.0
 3 267 2.23606797749979 3 268 2.8284271247461903 3 269 1.7320508075688772 3 270 2.6457513110645907 3 271 2.23606797749979 3 272 3.872983346207417 3 273 3.872983346207417 3 274 3.605551275463989 3 275 3.1622776601683795 3 276 3.0 3 277 2.6457513110645907
 3 278 3.1622776601683795 3 279 2.23606797749979 3 280 2.449489742783178 4 5 3.872983346207417 4 6 4.123105625617661 4 7 4.242640687119285 4 8 4.123105625617661 4 9 5.196152422706632 4 10 4.242640687119285 4 11 4.47213595499958 4 12 4.0
 4 13 3.605551275463989 4 14 3.872983346207417 4 15 4.47213595499958 4 16 5.0990195135927845 4 17 4.0 4 18 3.605551275463989 4 19 4.69041575982343 4 20 4.69041575982343 4 21 4.898979485566356 4 22 5.196152422706632 4 23 3.7416573867739413
 4 24 4.898979485566356 4 25 6.708203932499369 4 26 4.0 4 27 3.872983346207417 4 28 4.69041575982343 4 29 4.898979485566356 4 30 4.358898943540674 4 31 4.242640687119285 4 32 5.5677643628300215 4 33 3.7416573867739413 4 34 4.242640687119285
 4 35 3.7416573867739413 4 36 3.7416573867739413 4 37 3.872983346207417 4 38 3.7416573867739413 4 39 4.0 4 40 4.0 4 41 4.47213595499958 4 42 3.872983346207417 4 43 4.242640687119285 4 44 4.0 4 45 3.872983346207417
 4 46 3.872983346207417 4 47 3.872983346207417 4 48 4.123105625617661 4 49 3.872983346207417 4 50 3.7416573867739413 4 51 4.795831523312719 4 52 4.358898943540674 4 53 4.0 4 54 5.0 4 55 4.795831523312719 4 56 4.242640687119285
 4 57 4.58257569495584 4 58 4.0 4 59 4.242640687119285 4 60 3.7416573867739413 4 61 4.0 4 62 4.69041575982343 4 63 3.872983346207417 4 64 4.69041575982343 4 65 4.123105625617661 4 66 4.0 4 67 3.872983346207417
 4 68 4.58257569495584 4 69 3.872983346207417 4 70 3.7416573867739413 4 71 3.872983346207417 4 72 4.123105625617661 4 73 4.358898943540674 4 74 3.7416573867739413 4 75 3.7416573867739413 4 76 4.123105625617661 4 77 3.7416573867739413 4 78 4.69041575982343
 4 79 4.358898943540674 4 80 4.69041575982343 4 81 4.242640687119285 4 82 4.358898943540674 4 83 4.795831523312719 4 84 4.123105625617661 4 85 4.123105625617661 4 86 3.872983346207417 4 87 4.69041575982343 4 88 4.58257569495584 4 89 4.358898943540674
 4 90 3.872983346207417 4 91 3.872983346207417 4 92 5.0 4 93 3.872983346207417 4 94 4.123105625617661 4 95 6.557438524302 4 96 3.872983346207417 4 97 3.605551275463989 4 98 4.123105625617661 4 99 3.605551275463989 4 100 3.605551275463989
 4 101 3.605551275463989 4 102 4.47213595499958 4 103 4.58257569495584 4 104 3.872983346207417 4 105 3.7416573867739413 4 106 4.58257569495584 4 107 5.5677643628300215 4 108 4.242640687119285 4 109 4.58257569495584 4 110 3.605551275463989 4 111 4.123105625617661
 4 112 3.872983346207417 4 113 4.58257569495584 4 114 5.196152422706632 4 115 6.324555320336759 4 116 3.605551275463989 4 117 4.242640687119285 4 118 3.7416573867739413 4 119 4.0 4 120 3.605551275463989 4 121 3.7416573867739413 4 122 4.58257569495584
 4 123 4.242640687119285 4 124 3.7416573867739413 4 125 3.7416573867739413 4 126 3.605551275463989 4 127 3.872983346207417 4 128 3.7416573867739413 4 129 4.47213595499958 4 130 3.872983346207417 4 131 3.7416573867739413 4 132 4.47213595499958 4 133 4.69041575982343
 4 134 3.7416573867739413 4 135 3.605551275463989 4 136 5.0 4 137 3.605551275463989 4 138 5.656854249492381 4 139 6.082762530298219 4 140 3.7416573867739413 4 141 5.196152422706632 4 142 3.7416573867739413 4 143 3.872983346207417 4 144 4.0
 4 145 3.605551275463989 4 146 3.872983346207417 4 147 3.605551275463989 4 148 4.242640687119285 4 149 5.385164807134504 4 150 4.0 4 151 3.7416573867739413 4 152 4.358898943540674 4 153 4.898979485566356 4 154 4.358898943540674 4 155 4.898979485566356
 4 156 3.7416573867739413 4 157 3.605551275463989 4 158 5.0 4 159 4.242640687119285 4 160 5.291502622129181 4 161 3.872983346207417 4 162 4.0 4 163 3.872983346207417 4 164 4.123105625617661 4 165 4.358898943540674 4 166 4.0
 4 167 4.123105625617661 4 168 4.0 4 169 3.872983346207417 4 170 4.123105625617661 4 171 3.7416573867739413 4 172 4.47213595499958 4 173 3.7416573867739413 4 174 5.196152422706632 4 175 4.69041575982343 4 176 4.47213595499958 4 177 3.872983346207417
 4 178 5.0 4 179 4.242640687119285 4 180 5.656854249492381 4 181 3.872983346207417 4 182 4.242640687119285 4 183 7.0710678118654755 4 184 4.898979485566356 4 185 4.123105625617661 4 186 4.58257569495584 4 187 4.242640687119285 4 188 4.0
 4 189 4.358898943540674 4 190 8.12403840463596 4 191 4.58257569495584 4 192 5.477225575051661 4 193 4.242640687119285 4 194 3.872983346207417 4 195 3.605551275463989 4 196 3.7416573867739413 4 197 3.605551275463989 4 198 4.0 4 199 4.47213595499958
 4 200 3.605551275463989 4 201 4.358898943540674 4 202 4.795831523312719 4 203 4.0 4 204 4.0 4 205 3.872983346207417 4 206 3.872983346207417 4 207 3.872983346207417 4 208 4.0 4 209 4.242640687119285 4 210 4.123105625617661
 4 211 4.0 4 212 3.7416573867739413 4 213 3.7416573867739413 4 214 4.123105625617661 4 215 5.477225575051661 4 216 4.0 4 217 4.58257569495584 4 218 4.123105625617661 4 219 3.872983346207417 4 220 6.0 4 221 4.242640687119285
 4 222 4.242640687119285 4 223 3.872983346207417 4 224 4.58257569495584 4 225 4.0 4 226 3.605551275463989 4 227 3.872983346207417 4 228 4.0 4 229 4.898979485566356 4 230 4.47213595499958 4 231 3.872983346207417 4 232 5.0990195135927845
 4 233 4.47213595499958 4 234 4.123105625617661 4 235 4.242640687119285 4 236 3.872983346207417 4 237 4.242640687119285 4 238 4.0 4 239 4.0 4 240 3.7416573867739413 4 241 4.123105625617661 4 242 4.123105625617661 4 243 3.605551275463989
 4 244 4.358898943540674 4 245 4.123105625617661 4 246 4.242640687119285 4 247 3.872983346207417 4 248 3.872983346207417 4 249 5.291502622129181 4 250 3.872983346207417 4 251 3.7416573867739413 4 252 3.7416573867739413 4 253 4.58257569495584 4 254 3.605551275463989
 4 255 3.605551275463989 4 256 4.69041575982343 4 257 4.123105625617661 4 258 3.872983346207417 4 259 5.916079783099616 4 260 4.47213595499958 4 261 4.358898943540674 4 262 4.123105625617661 4 263 3.605551275463989 4 264 4.795831523312719 4 265 4.47213595499958
 4 266 4.358898943540674 4 267 3.872983346207417 4 268 4.242640687119285 4 269 3.872983346207417 4 270 3.872983346207417 4 271 3.872983346207417 4 272 5.0 4 273 4.795831523312719 4 274 4.358898943540674 4 275 4.47213595499958 4 276 4.123105625617661
 4 277 3.872983346207417 4 278 4.242640687119285 4 279 3.605551275463989 4 280 4.0 5 6 2.0 5 7 2.23606797749979 5 8 2.0 5 9 3.7416573867739413 5 10 3.3166247903554 5 11 3.3166247903554 5 12 3.0
 5 13 2.0 5 14 2.8284271247461903 5 15 3.3166247903554 5 16 4.123105625617661 5 17 2.6457513110645907 5 18 2.449489742783178 5 19 3.605551275463989 5 20 3.3166247903554 5 21 3.605551275463989 5 22 4.242640687119285 5 23 2.6457513110645907
 5 24 4.358898943540674 5 25 5.830951894845301 5 26 3.0 5 27 2.8284271247461903 5 28 3.872983346207417 5 29 3.872983346207417 5 30 3.1622776601683795 5 31 3.3166247903554 5 32 4.898979485566356 5 33 2.6457513110645907 5 34 3.0
 5 35 2.23606797749979 5 36 2.6457513110645907 5 37 2.449489742783178 5 38 2.23606797749979 5 39 3.0 5 40 2.6457513110645907 5 41 3.605551275463989 5 42 2.449489742783178 5 43 3.0 5 44 3.0 5 45 2.8284271247461903
 5 46 2.8284271247461903 5 47 2.8284271247461903 5 48 2.8284271247461903 5 49 2.8284271247461903 5 50 2.6457513110645907 5 51 4.242640687119285 5 52 3.4641016151377544 5 53 3.0 5 54 4.242640687119285 5 55 3.7416573867739413 5 56 3.0
 5 57 3.7416573867739413 5 58 2.6457513110645907 5 59 3.3166247903554 5 60 2.6457513110645907 5 61 3.0 5 62 3.872983346207417 5 63 2.449489742783178 5 64 3.605551275463989 5 65 3.1622776601683795 5 66 3.0 5 67 2.8284271247461903
 5 68 3.7416573867739413 5 69 2.8284271247461903 5 70 2.6457513110645907 5 71 2.449489742783178 5 72 3.1622776601683795 5 73 3.4641016151377544 5 74 2.6457513110645907 5 75 2.23606797749979 5 76 3.1622776601683795 5 77 2.6457513110645907 5 78 3.872983346207417
 5 79 3.4641016151377544 5 80 3.872983346207417 5 81 3.3166247903554 5 82 3.4641016151377544 5 83 3.7416573867739413 5 84 3.1622776601683795 5 85 3.1622776601683795 5 86 2.449489742783178 5 87 3.872983346207417 5 88 3.4641016151377544 5 89 2.8284271247461903
 5 90 2.8284271247461903 5 91 2.8284271247461903 5 92 4.242640687119285 5 93 2.8284271247461903 5 94 3.1622776601683795 5 95 6.0 5 96 2.8284271247461903 5 97 2.449489742783178 5 98 3.1622776601683795 5 99 2.449489742783178 5 100 2.0
 5 101 2.449489742783178 5 102 3.3166247903554 5 103 3.7416573867739413 5 104 2.8284271247461903 5 105 2.6457513110645907 5 106 3.4641016151377544 5 107 4.898979485566356 5 108 3.3166247903554 5 109 3.7416573867739413 5 110 2.449489742783178 5 111 3.1622776601683795
 5 112 2.449489742783178 5 113 3.7416573867739413 5 114 4.242640687119285 5 115 5.385164807134504 5 116 2.449489742783178 5 117 3.0 5 118 2.23606797749979 5 119 3.0 5 120 2.449489742783178 5 121 2.6457513110645907 5 122 3.7416573867739413
 5 123 3.3166247903554 5 124 2.6457513110645907 5 125 2.6457513110645907 5 126 2.449489742783178 5 127 2.8284271247461903 5 128 2.6457513110645907 5 129 3.0 5 130 2.449489742783178 5 131 2.6457513110645907 5 132 3.605551275463989 5 133 3.872983346207417
 5 134 2.6457513110645907 5 135 2.0 5 136 4.242640687119285 5 137 2.449489742783178 5 138 4.58257569495584 5 139 5.291502622129181 5 140 2.6457513110645907 5 141 4.242640687119285 5 142 2.6457513110645907 5 143 2.8284271247461903 5 144 3.0
 5 145 2.449489742783178 5 146 2.8284271247461903 5 147 2.449489742783178 5 148 3.3166247903554 5 149 4.898979485566356 5 150 2.6457513110645907 5 151 2.6457513110645907 5 152 3.7416573867739413 5 153 4.123105625617661 5 154 3.4641016151377544 5 155 4.123105625617661
 5 156 2.6457513110645907 5 157 2.449489742783178 5 158 4.242640687119285 5 159 3.3166247903554 5 160 4.58257569495584 5 161 2.449489742783178 5 162 3.0 5 163 2.8284271247461903 5 164 3.1622776601683795 5 165 3.1622776601683795 5 166 2.6457513110645907
 5 167 3.4641016151377544 5 168 2.6457513110645907 5 169 2.8284271247461903 5 170 2.8284271247461903 5 171 2.23606797749979 5 172 3.3166247903554 5 173 2.6457513110645907 5 174 4.242640687119285 5 175 3.872983346207417 5 176 3.3166247903554 5 177 2.8284271247461903
 5 178 4.242640687119285 5 179 3.605551275463989 5 180 5.0 5 181 2.8284271247461903 5 182 3.3166247903554 5 183 6.557438524302 5 184 4.123105625617661 5 185 3.1622776601683795 5 186 3.7416573867739413 5 187 3.3166247903554 5 188 2.6457513110645907
 5 189 3.4641016151377544 5 190 7.681145747868608 5 191 3.4641016151377544 5 192 4.123105625617661 5 193 3.3166247903554 5 194 2.449489742783178 5 195 2.449489742783178 5 196 2.6457513110645907 5 197 2.0 5 198 2.23606797749979 5 199 3.0
 5 200 2.449489742783178 5 201 3.1622776601683795 5 202 4.0 5 203 3.0 5 204 2.6457513110645907 5 205 2.8284271247461903 5 206 2.449489742783178 5 207 2.8284271247461903 5 208 3.0 5 209 3.0 5 210 3.1622776601683795
 5 211 2.6457513110645907 5 212 2.23606797749979 5 213 2.6457513110645907 5 214 2.8284271247461903 5 215 4.795831523312719 5 216 3.0 5 217 3.1622776601683795 5 218 3.1622776601683795 5 219 2.8284271247461903 5 220 5.0 5 221 3.605551275463989
 5 222 3.0 5 223 2.8284271247461903 5 224 3.1622776601683795 5 225 2.23606797749979 5 226 2.449489742783178 5 227 2.8284271247461903 5 228 3.0 5 229 3.605551275463989 5 230 3.605551275463989 5 231 2.8284271247461903 5 232 4.123105625617661
 5 233 3.3166247903554 5 234 2.8284271247461903 5 235 3.0 5 236 2.8284271247461903 5 237 3.3166247903554 5 238 3.0 5 239 3.0 5 240 2.6457513110645907 5 241 3.1622776601683795 5 242 3.1622776601683795 5 243 2.449489742783178
 5 244 3.4641016151377544 5 245 3.1622776601683795 5 246 3.0 5 247 2.449489742783178 5 248 2.8284271247461903 5 249 4.358898943540674 5 250 2.8284271247461903 5 251 2.23606797749979 5 252 2.6457513110645907 5 253 3.4641016151377544 5 254 2.449489742783178
 5 255 2.449489742783178 5 256 3.872983346207417 5 257 2.449489742783178 5 258 2.8284271247461903 5 259 5.0990195135927845 5 260 3.605551275463989 5 261 3.4641016151377544 5 262 2.8284271247461903 5 263 2.449489742783178 5 264 3.7416573867739413 5 265 3.3166247903554
 5 266 3.4641016151377544 5 267 2.8284271247461903 5 268 3.3166247903554 5 269 2.449489742783178 5 270 2.8284271247461903 5 271 2.8284271247461903 5 272 4.242640687119285 5 273 4.0 5 274 3.7416573867739413 5 275 3.605551275463989 5 276 3.1622776601683795
 5 277 2.8284271247461903 5 278 3.3166247903554 5 279 2.449489742783178 5 280 3.0 6 7 2.6457513110645907 6 8 2.449489742783178 6 9 4.242640687119285 6 10 3.605551275463989 6 11 3.872983346207417 6 12 3.3166247903554 6 13 2.8284271247461903
 6 14 3.1622776601683795 6 15 3.872983346207417 6 16 4.58257569495584 6 17 2.6457513110645907 6 18 2.8284271247461903 6 19 4.123105625617661 6 20 4.123105625617661 6 21 3.3166247903554 6 22 4.69041575982343 6 23 3.0 6 24 4.795831523312719
 6 25 6.164414002968976 6 26 3.3166247903554 6 27 3.1622776601683795 6 28 4.123105625617661 6 29 4.358898943540674 6 30 3.1622776601683795 6 31 3.605551275463989 6 32 5.0990195135927845 6 33 3.0 6 34 3.605551275463989 6 35 2.23606797749979
 6 36 3.0 6 37 3.1622776601683795 6 38 3.0 6 39 3.3166247903554 6 40 3.3166247903554 6 41 3.872983346207417 6 42 2.449489742783178 6 43 3.605551275463989 6 44 3.3166247903554 6 45 3.1622776601683795 6 46 3.1622776601683795
 6 47 3.1622776601683795 6 48 3.4641016151377544 6 49 3.1622776601683795 6 50 3.0 6 51 4.47213595499958 6 52 3.7416573867739413 6 53 3.3166247903554 6 54 4.47213595499958 6 55 3.7416573867739413 6 56 3.605551275463989 6 57 4.0
 6 58 3.3166247903554 6 59 3.605551275463989 6 60 3.0 6 61 3.3166247903554 6 62 4.123105625617661 6 63 3.1622776601683795 6 64 4.123105625617661 6 65 3.4641016151377544 6 66 3.3166247903554 6 67 3.1622776601683795 6 68 4.0
 6 69 3.1622776601683795 6 70 3.0 6 71 3.1622776601683795 6 72 3.4641016151377544 6 73 3.7416573867739413 6 74 3.0 6 75 3.0 6 76 3.4641016151377544 6 77 3.0 6 78 4.123105625617661 6 79 3.7416573867739413
 6 80 4.123105625617661 6 81 3.605551275463989 6 82 3.7416573867739413 6 83 4.242640687119285 6 84 3.4641016151377544 6 85 3.4641016151377544 6 86 3.1622776601683795 6 87 4.123105625617661 6 88 4.0 6 89 3.7416573867739413 6 90 3.1622776601683795
 6 91 3.1622776601683795 6 92 4.47213595499958 6 93 3.1622776601683795 6 94 3.4641016151377544 6 95 6.164414002968976 6 96 3.1622776601683795 6 97 2.8284271247461903 6 98 3.4641016151377544 6 99 2.8284271247461903 6 100 2.8284271247461903 6 101 2.8284271247461903
 6 102 3.872983346207417 6 103 4.0 6 104 3.1622776601683795 6 105 3.0 6 106 4.0 6 107 5.0990195135927845 6 108 3.605551275463989 6 109 4.0 6 110 2.8284271247461903 6 111 3.4641016151377544 6 112 3.1622776601683795
 6 113 4.0 6 114 4.242640687119285 6 115 5.916079783099616 6 116 2.8284271247461903 6 117 3.605551275463989 6 118 3.0 6 119 3.3166247903554 6 120 2.8284271247461903 6 121 3.0 6 122 4.0 6 123 3.605551275463989
 6 124 3.0 6 125 3.0 6 126 2.8284271247461903 6 127 3.1622776601683795 6 128 3.0 6 129 3.872983346207417 6 130 3.1622776601683795 6 131 3.0 6 132 3.872983346207417 6 133 4.123105625617661 6 134 3.0
 6 135 2.8284271247461903 6 136 4.47213595499958 6 137 2.8284271247461903 6 138 5.196152422706632 6 139 6.0 6 140 3.0 6 141 4.69041575982343 6 142 3.0 6 143 3.1622776601683795 6 144 3.3166247903554 6 145 2.8284271247461903
 6 146 3.1622776601683795 6 147 2.8284271247461903 6 148 3.605551275463989 6 149 5.0990195135927845 6 150 3.3166247903554 6 151 3.0 6 152 4.0 6 153 4.358898943540674 6 154 3.7416573867739413 6 155 4.358898943540674 6 156 3.0
 6 157 2.8284271247461903 6 158 4.47213595499958 6 159 3.605551275463989 6 160 4.795831523312719 6 161 3.1622776601683795 6 162 3.3166247903554 6 163 3.1622776601683795 6 164 3.4641016151377544 6 165 3.4641016151377544 6 166 3.3166247903554 6 167 3.7416573867739413
 6 168 3.3166247903554 6 169 3.1622776601683795 6 170 3.4641016151377544 6 171 3.0 6 172 3.872983346207417 6 173 3.0 6 174 4.69041575982343 6 175 4.123105625617661 6 176 3.605551275463989 6 177 2.8284271247461903 6 178 4.47213595499958
 6 179 3.872983346207417 6 180 5.196152422706632 6 181 3.1622776601683795 6 182 3.605551275463989 6 183 6.708203932499369 6 184 4.358898943540674 6 185 3.4641016151377544 6 186 3.7416573867739413 6 187 3.605551275463989 6 188 3.3166247903554 6 189 3.7416573867739413
 6 190 7.810249675906654 6 191 4.0 6 192 5.0 6 193 3.872983346207417 6 194 3.1622776601683795 6 195 2.8284271247461903 6 196 3.0 6 197 2.8284271247461903 6 198 3.3166247903554 6 199 3.3166247903554 6 200 2.8284271247461903
 6 201 3.7416573867739413 6 202 4.242640687119285 6 203 3.3166247903554 6 204 2.6457513110645907 6 205 3.1622776601683795 6 206 3.1622776601683795 6 207 3.1622776601683795 6 208 3.3166247903554 6 209 3.605551275463989 6 210 3.4641016151377544 6 211 2.6457513110645907
 6 212 3.0 6 213 3.0 6 214 3.4641016151377544 6 215 5.0 6 216 3.3166247903554 6 217 4.0 6 218 3.4641016151377544 6 219 3.1622776601683795 6 220 5.5677643628300215 6 221 3.605551275463989 6 222 3.605551275463989
 6 223 3.1622776601683795 6 224 4.0 6 225 3.3166247903554 6 226 2.8284271247461903 6 227 3.1622776601683795 6 228 3.3166247903554 6 229 3.872983346207417 6 230 3.872983346207417 6 231 3.1622776601683795 6 232 4.58257569495584 6 233 3.872983346207417
 6 234 3.4641016151377544 6 235 3.0 6 236 3.1622776601683795 6 237 3.605551275463989 6 238 3.3166247903554 6 239 3.3166247903554 6 240 3.0 6 241 3.4641016151377544 6 242 3.4641016151377544 6 243 2.8284271247461903 6 244 3.7416573867739413
 6 245 3.4641016151377544 6 246 3.605551275463989 6 247 3.1622776601683795 6 248 3.1622776601683795 6 249 4.795831523312719 6 250 3.1622776601683795 6 251 3.0 6 252 3.0 6 253 4.0 6 254 2.8284271247461903 6 255 2.8284271247461903
 6 256 4.123105625617661 6 257 3.4641016151377544 6 258 3.1622776601683795 6 259 5.477225575051661 6 260 3.872983346207417 6 261 3.7416573867739413 6 262 3.4641016151377544 6 263 2.8284271247461903 6 264 4.242640687119285 6 265 3.872983346207417 6 266 3.7416573867739413
 6 267 3.1622776601683795 6 268 3.605551275463989 6 269 3.1622776601683795 6 270 3.1622776601683795 6 271 3.1622776601683795 6 272 4.47213595499958 6 273 4.242640687119285 6 274 4.0 6 275 3.605551275463989 6 276 3.4641016151377544 6 277 3.1622776601683795
 6 278 3.605551275463989 6 279 2.8284271247461903 6 280 3.3166247903554 7 8 2.6457513110645907 7 9 4.358898943540674 7 10 3.7416573867739413 7 11 3.7416573867739413 7 12 3.1622776601683795 7 13 2.6457513110645907 7 14 3.3166247903554 7 15 3.4641016151377544
 7 16 4.242640687119285 7 17 3.1622776601683795 7 18 3.0 7 19 4.0 7 20 3.7416573867739413 7 21 4.0 7 22 4.58257569495584 7 23 3.1622776601683795 7 24 4.69041575982343 7 25 6.244997998398398 7 26 3.1622776601683795
 7 27 3.3166247903554 7 28 4.242640687119285 7 29 4.0 7 30 3.605551275463989 7 31 3.7416573867739413 7 32 5.0 7 33 2.8284271247461903 7 34 3.1622776601683795 7 35 2.8284271247461903 7 36 3.1622776601683795 7 37 3.0
 7 38 2.449489742783178 7 39 3.4641016151377544 7 40 2.8284271247461903 7 41 3.7416573867739413 7 42 2.6457513110645907 7 43 3.4641016151377544 7 44 3.1622776601683795 7 45 3.3166247903554 7 46 3.3166247903554 7 47 3.3166247903554 7 48 3.3166247903554
 7 49 2.6457513110645907 7 50 3.1622776601683795 7 51 4.58257569495584 7 52 3.872983346207417 7 53 3.4641016151377544 7 54 4.58257569495584 7 55 4.123105625617661 7 56 3.4641016151377544 7 57 4.123105625617661 7 58 3.4641016151377544 7 59 3.4641016151377544
 7 60 2.449489742783178 7 61 3.4641016151377544 7 62 4.0 7 63 3.0 7 64 3.7416573867739413 7 65 3.605551275463989 7 66 3.1622776601683795 7 67 3.3166247903554 7 68 3.872983346207417 7 69 3.3166247903554 7 70 2.8284271247461903
 7 71 3.0 7 72 3.605551275463989 7 73 3.872983346207417 7 74 2.8284271247461903 7 75 2.449489742783178 7 76 3.3166247903554 7 77 3.1622776601683795 7 78 4.242640687119285 7 79 3.605551275463989 7 80 4.0 7 81 3.4641016151377544
 7 82 3.605551275463989 7 83 4.123105625617661 7 84 3.3166247903554 7 85 3.605551275463989 7 86 3.0 7 87 4.242640687119285 7 88 3.605551275463989 7 89 3.3166247903554 7 90 3.0 7 91 3.3166247903554 7 92 4.58257569495584
 7 93 2.6457513110645907 7 94 3.605551275463989 7 95 6.082762530298219 7 96 2.6457513110645907 7 97 3.0 7 98 3.3166247903554 7 99 3.0 7 100 2.6457513110645907 7 101 3.0 7 102 3.4641016151377544 7 103 4.123105625617661
 7 104 3.3166247903554 7 105 2.449489742783178 7 106 3.872983346207417 7 107 5.196152422706632 7 108 3.4641016151377544 7 109 4.123105625617661 7 110 3.0 7 111 3.605551275463989 7 112 2.6457513110645907 7 113 3.872983346207417 7 114 3.872983346207417
 7 115 5.0990195135927845 7 116 2.23606797749979 7 117 2.8284271247461903 7 118 2.8284271247461903 7 119 3.4641016151377544 7 120 2.6457513110645907 7 121 3.1622776601683795 7 122 3.872983346207417 7 123 3.7416573867739413 7 124 2.8284271247461903 7 125 2.8284271247461903
 7 126 2.6457513110645907 7 127 3.3166247903554 7 128 2.8284271247461903 7 129 2.8284271247461903 7 130 3.0 7 131 2.8284271247461903 7 132 3.7416573867739413 7 133 4.242640687119285 7 134 2.8284271247461903 7 135 2.6457513110645907 7 136 4.58257569495584
 7 137 3.0 7 138 5.0990195135927845 7 139 5.744562646538029 7 140 2.8284271247461903 7 141 4.358898943540674 7 142 2.8284271247461903 7 143 3.0 7 144 3.4641016151377544 7 145 2.23606797749979 7 146 3.3166247903554 7 147 3.0
 7 148 3.7416573867739413 7 149 5.196152422706632 7 150 2.8284271247461903 7 151 3.1622776601683795 7 152 4.123105625617661 7 153 4.242640687119285 7 154 3.0 7 155 4.0 7 156 2.449489742783178 7 157 3.0 7 158 4.58257569495584
 7 159 3.7416573867739413 7 160 4.69041575982343 7 161 3.0 7 162 3.1622776601683795 7 163 2.6457513110645907 7 164 3.605551275463989 7 165 3.3166247903554 7 166 3.1622776601683795 7 167 3.872983346207417 7 168 3.1622776601683795 7 169 3.0
 7 170 2.6457513110645907 7 171 2.449489742783178 7 172 3.7416573867739413 7 173 2.8284271247461903 7 174 4.58257569495584 7 175 3.7416573867739413 7 176 3.4641016151377544 7 177 2.6457513110645907 7 178 4.58257569495584 7 179 3.7416573867739413 7 180 5.0990195135927845
 7 181 2.6457513110645907 7 182 3.1622776601683795 7 183 6.6332495807108 7 184 4.242640687119285 7 185 3.605551275463989 7 186 3.872983346207417 7 187 3.4641016151377544 7 188 3.1622776601683795 7 189 3.605551275463989 7 190 7.3484692283495345 7 191 3.872983346207417
 7 192 4.242640687119285 7 193 3.7416573867739413 7 194 2.6457513110645907 7 195 2.23606797749979 7 196 3.1622776601683795 7 197 2.6457513110645907 7 198 2.8284271247461903 7 199 3.4641016151377544 7 200 3.0 7 201 3.605551275463989 7 202 4.123105625617661
 7 203 3.1622776601683795 7 204 2.8284271247461903 7 205 3.0 7 206 3.0 7 207 3.0 7 208 2.8284271247461903 7 209 3.4641016151377544 7 210 3.3166247903554 7 211 2.449489742783178 7 212 2.8284271247461903 7 213 2.8284271247461903
 7 214 3.0 7 215 5.0990195135927845 7 216 3.1622776601683795 7 217 3.872983346207417 7 218 3.605551275463989 7 219 2.6457513110645907 7 220 5.0990195135927845 7 221 3.7416573867739413 7 222 3.4641016151377544 7 223 3.0 7 224 3.605551275463989
 7 225 2.8284271247461903 7 226 3.0 7 227 3.0 7 228 3.4641016151377544 7 229 3.4641016151377544 7 230 4.0 7 231 3.3166247903554 7 232 4.242640687119285 7 233 3.7416573867739413 7 234 3.3166247903554 7 235 3.4641016151377544
 7 236 2.6457513110645907 7 237 3.4641016151377544 7 238 3.4641016151377544 7 239 3.4641016151377544 7 240 3.1622776601683795 7 241 3.3166247903554 7 242 3.605551275463989 7 243 3.0 7 244 3.872983346207417 7 245 3.0 7 246 3.1622776601683795
 7 247 2.6457513110645907 7 248 3.3166247903554 7 249 4.69041575982343 7 250 3.3166247903554 7 251 2.449489742783178 7 252 3.1622776601683795 7 253 3.872983346207417 7 254 3.0 7 255 3.0 7 256 4.0 7 257 3.0
 7 258 3.0 7 259 5.385164807134504 7 260 3.7416573867739413 7 261 3.872983346207417 7 262 3.0 7 263 2.6457513110645907 7 264 3.872983346207417 7 265 3.4641016151377544 7 266 3.3166247903554 7 267 3.0 7 268 3.4641016151377544
 7 269 3.0 7 270 3.3166247903554 7 271 2.6457513110645907 7 272 4.358898943540674 7 273 4.123105625617661 7 274 4.123105625617661 7 275 3.4641016151377544 7 276 3.605551275463989 7 277 3.0 7 278 3.7416573867739413 7 279 3.0
 7 280 2.8284271247461903 8 9 4.0 8 10 3.605551275463989 8 11 3.872983346207417 8 12 3.3166247903554 8 13 2.449489742783178 8 14 3.1622776601683795 8 15 3.872983346207417 8 16 4.358898943540674 8 17 3.0 8 18 2.8284271247461903
 8 19 3.872983346207417 8 20 3.872983346207417 8 21 3.872983346207417 8 22 4.69041575982343 8 23 3.0 8 24 4.58257569495584 8 25 6.164414002968976 8 26 3.3166247903554 8 27 3.1622776601683795 8 28 4.123105625617661 8 29 3.872983346207417
 8 30 3.4641016151377544 8 31 3.605551275463989 8 32 5.291502622129181 8 33 3.0 8 34 3.605551275463989 8 35 2.6457513110645907 8 36 3.0 8 37 3.1622776601683795 8 38 2.23606797749979 8 39 3.3166247903554 8 40 2.6457513110645907
 8 41 3.872983346207417 8 42 2.8284271247461903 8 43 3.605551275463989 8 44 3.3166247903554 8 45 3.1622776601683795 8 46 3.1622776601683795 8 47 3.1622776601683795 8 48 3.1622776601683795 8 49 2.8284271247461903 8 50 3.0 8 51 4.47213595499958
 8 52 3.7416573867739413 8 53 3.3166247903554 8 54 4.47213595499958 8 55 4.0 8 56 3.605551275463989 8 57 4.0 8 58 3.0 8 59 3.605551275463989 8 60 2.6457513110645907 8 61 3.3166247903554 8 62 4.123105625617661
 8 63 2.8284271247461903 8 64 3.872983346207417 8 65 3.4641016151377544 8 66 3.0 8 67 3.1622776601683795 8 68 4.0 8 69 3.1622776601683795 8 70 3.0 8 71 2.8284271247461903 8 72 3.4641016151377544 8 73 3.7416573867739413
 8 74 3.0 8 75 2.23606797749979 8 76 3.4641016151377544 8 77 3.0 8 78 3.872983346207417 8 79 3.7416573867739413 8 80 3.872983346207417 8 81 3.605551275463989 8 82 3.7416573867739413 8 83 4.0 8 84 3.4641016151377544
 8 85 3.4641016151377544 8 86 2.8284271247461903 8 87 4.123105625617661 8 88 4.0 8 89 3.4641016151377544 8 90 3.1622776601683795 8 91 3.1622776601683795 8 92 4.47213595499958 8 93 2.8284271247461903 8 94 3.4641016151377544 8 95 6.164414002968976
 8 96 2.8284271247461903 8 97 2.8284271247461903 8 98 3.4641016151377544 8 99 2.8284271247461903 8 100 2.449489742783178 8 101 2.8284271247461903 8 102 3.3166247903554 8 103 4.0 8 104 3.1622776601683795 8 105 2.6457513110645907 8 106 3.7416573867739413
 8 107 5.0990195135927845 8 108 3.605551275463989 8 109 4.0 8 110 2.8284271247461903 8 111 3.4641016151377544 8 112 2.449489742783178 8 113 4.0 8 114 4.47213595499958 8 115 5.916079783099616 8 116 2.449489742783178 8 117 3.3166247903554
 8 118 2.6457513110645907 8 119 3.3166247903554 8 120 2.8284271247461903 8 121 3.0 8 122 4.0 8 123 3.605551275463989 8 124 3.0 8 125 2.6457513110645907 8 126 2.8284271247461903 8 127 3.1622776601683795 8 128 3.0
 8 129 3.605551275463989 8 130 2.8284271247461903 8 131 3.0 8 132 3.872983346207417 8 133 4.123105625617661 8 134 3.0 8 135 2.449489742783178 8 136 4.47213595499958 8 137 2.8284271247461903 8 138 4.795831523312719 8 139 5.477225575051661
 8 140 3.0 8 141 4.69041575982343 8 142 3.0 8 143 3.1622776601683795 8 144 3.3166247903554 8 145 2.449489742783178 8 146 3.1622776601683795 8 147 2.8284271247461903 8 148 3.605551275463989 8 149 5.0990195135927845 8 150 2.6457513110645907
 8 151 3.0 8 152 4.0 8 153 4.358898943540674 8 154 3.4641016151377544 8 155 4.123105625617661 8 156 2.6457513110645907 8 157 2.8284271247461903 8 158 4.47213595499958 8 159 3.605551275463989 8 160 4.58257569495584 8 161 2.8284271247461903
 8 162 3.3166247903554 8 163 2.8284271247461903 8 164 3.4641016151377544 8 165 3.1622776601683795 8 166 3.0 8 167 3.7416573867739413 8 168 3.0 8 169 3.1622776601683795 8 170 3.1622776601683795 8 171 2.23606797749979 8 172 3.605551275463989
 8 173 3.0 8 174 4.69041575982343 8 175 4.123105625617661 8 176 3.605551275463989 8 177 2.8284271247461903 8 178 4.47213595499958 8 179 3.872983346207417 8 180 5.196152422706632 8 181 2.8284271247461903 8 182 3.3166247903554 8 183 6.708203932499369
 8 184 4.358898943540674 8 185 3.4641016151377544 8 186 4.0 8 187 3.605551275463989 8 188 3.0 8 189 3.7416573867739413 8 190 7.810249675906654 8 191 3.7416573867739413 8 192 4.358898943540674 8 193 3.872983346207417 8 194 2.449489742783178
 8 195 2.449489742783178 8 196 3.0 8 197 2.449489742783178 8 198 2.6457513110645907 8 199 3.3166247903554 8 200 2.8284271247461903 8 201 3.4641016151377544 8 202 4.242640687119285 8 203 3.0 8 204 3.0 8 205 3.1622776601683795
 8 206 2.8284271247461903 8 207 3.1622776601683795 8 208 3.0 8 209 3.3166247903554 8 210 3.4641016151377544 8 211 2.6457513110645907 8 212 2.6457513110645907 8 213 3.0 8 214 2.8284271247461903 8 215 5.0 8 216 3.3166247903554
 8 217 3.7416573867739413 8 218 3.4641016151377544 8 219 2.8284271247461903 8 220 5.385164807134504 8 221 3.872983346207417 8 222 3.3166247903554 8 223 3.1622776601683795 8 224 3.4641016151377544 8 225 3.0 8 226 2.8284271247461903 8 227 3.1622776601683795
 8 228 3.3166247903554 8 229 3.872983346207417 8 230 3.872983346207417 8 231 3.1622776601683795 8 232 4.358898943540674 8 233 3.872983346207417 8 234 3.1622776601683795 8 235 3.3166247903554 8 236 2.8284271247461903 8 237 3.605551275463989 8 238 3.3166247903554
 8 239 3.3166247903554 8 240 3.0 8 241 3.4641016151377544 8 242 3.4641016151377544 8 243 2.8284271247461903 8 244 3.7416573867739413 8 245 3.1622776601683795 8 246 3.0 8 247 2.449489742783178 8 248 3.1622776601683795 8 249 4.58257569495584
 8 250 3.1622776601683795 8 251 2.23606797749979 8 252 3.0 8 253 3.7416573867739413 8 254 2.8284271247461903 8 255 2.8284271247461903 8 256 4.123105625617661 8 257 3.1622776601683795 8 258 3.1622776601683795 8 259 5.291502622129181 8 260 3.605551275463989
 8 261 3.7416573867739413 8 262 2.8284271247461903 8 263 2.8284271247461903 8 264 3.7416573867739413 8 265 3.872983346207417 8 266 3.4641016151377544 8 267 3.1622776601683795 8 268 3.605551275463989 8 269 2.8284271247461903 8 270 3.1622776601683795 8 271 2.8284271247461903
 8 272 4.47213595499958 8 273 4.0 8 274 4.0 8 275 3.872983346207417 8 276 3.4641016151377544 8 277 2.8284271247461903 8 278 3.605551275463989 8 279 2.8284271247461903 8 280 3.0 9 10 4.795831523312719 9 11 4.795831523312719
 9 12 4.58257569495584 9 13 4.0 9 14 4.242640687119285 9 15 4.58257569495584 9 16 5.385164807134504 9 17 4.123105625617661 9 18 4.0 9 19 5.0 9 20 4.795831523312719 9 21 5.0 9 22 5.477225575051661
 9 23 4.358898943540674 9 24 5.385164807134504 9 25 6.782329983125268 9 26 4.58257569495584 9 27 4.47213595499958 9 28 5.196152422706632 9 29 5.0 9 30 4.69041575982343 9 31 4.795831523312719 9 32 6.0 9 33 4.358898943540674
 9 34 4.58257569495584 9 35 3.872983346207417 9 36 4.358898943540674 9 37 4.242640687119285 9 38 4.123105625617661 9 39 4.58257569495584 9 40 4.358898943540674 9 41 5.0 9 42 4.0 9 43 4.58257569495584 9 44 4.58257569495584
 9 45 4.242640687119285 9 46 4.47213595499958 9 47 4.47213595499958 9 48 4.47213595499958 9 49 4.47213595499958 9 50 4.123105625617661 9 51 5.291502622129181 9 52 4.69041575982343 9 53 4.358898943540674 9 54 5.477225575051661 9 55 5.0990195135927845
 9 56 4.58257569495584 9 57 5.0990195135927845 9 58 4.123105625617661 9 59 4.795831523312719 9 60 4.358898943540674 9 61 4.358898943540674 9 62 5.196152422706632 9 63 4.0 9 64 4.795831523312719 9 65 4.47213595499958 9 66 4.358898943540674
 9 67 4.242640687119285 9 68 4.69041575982343 9 69 4.47213595499958 9 70 4.123105625617661 9 71 4.242640687119285 9 72 4.69041575982343 9 73 4.898979485566356 9 74 3.872983346207417 9 75 4.123105625617661 9 76 4.69041575982343 9 77 4.358898943540674
 9 78 5.196152422706632 9 79 4.898979485566356 9 80 5.196152422706632 9 81 4.795831523312719 9 82 4.898979485566356 9 83 4.898979485566356 9 84 4.69041575982343 9 85 4.69041575982343 9 86 4.242640687119285 9 87 5.196152422706632 9 88 4.898979485566356
 9 89 4.47213595499958 9 90 4.47213595499958 9 91 4.47213595499958 9 92 5.291502622129181 9 93 4.242640687119285 9 94 4.47213595499958 9 95 6.48074069840786 9 96 4.47213595499958 9 97 4.242640687119285 9 98 4.47213595499958 9 99 4.242640687119285
 9 100 4.0 9 101 4.242640687119285 9 102 4.795831523312719 9 103 5.0990195135927845 9 104 4.242640687119285 9 105 4.358898943540674 9 106 4.898979485566356 9 107 5.830951894845301 9 108 4.58257569495584 9 109 5.0990195135927845 9 110 4.242640687119285
 9 111 4.47213595499958 9 112 4.242640687119285 9 113 5.0990195135927845 9 114 5.477225575051661 9 115 6.4031242374328485 9 116 4.242640687119285 9 117 4.58257569495584 9 118 4.123105625617661 9 119 4.58257569495584 9 120 4.242640687119285 9 121 4.358898943540674
 9 122 4.898979485566356 9 123 4.58257569495584 9 124 4.358898943540674 9 125 4.358898943540674 9 126 4.242640687119285 9 127 4.47213595499958 9 128 4.123105625617661 9 129 4.58257569495584 9 130 4.242640687119285 9 131 4.358898943540674 9 132 4.795831523312719
 9 133 5.196152422706632 9 134 4.123105625617661 9 135 4.0 9 136 5.0990195135927845 9 137 4.242640687119285 9 138 5.5677643628300215 9 139 6.164414002968976 9 140 4.358898943540674 9 141 5.477225575051661 9 142 4.123105625617661 9 143 4.47213595499958
 9 144 4.58257569495584 9 145 4.242640687119285 9 146 4.47213595499958 9 147 4.0 9 148 4.58257569495584 9 149 6.0 9 150 4.123105625617661 9 151 4.358898943540674 9 152 4.69041575982343 9 153 5.385164807134504 9 154 4.898979485566356
 9 155 5.196152422706632 9 156 4.358898943540674 9 157 4.0 9 158 5.477225575051661 9 159 4.795831523312719 9 160 5.744562646538029 9 161 4.242640687119285 9 162 4.58257569495584 9 163 4.47213595499958 9 164 4.69041575982343 9 165 4.47213595499958
 9 166 4.358898943540674 9 167 4.898979485566356 9 168 4.123105625617661 9 169 4.47213595499958 9 170 4.47213595499958 9 171 4.123105625617661 9 172 4.795831523312719 9 173 4.358898943540674 9 174 5.477225575051661 9 175 5.196152422706632 9 176 4.795831523312719
 9 177 4.242640687119285 9 178 5.477225575051661 9 179 5.0 9 180 5.916079783099616 9 181 4.47213595499958 9 182 4.795831523312719 9 183 7.280109889280518 9 184 5.196152422706632 9 185 4.69041575982343 9 186 5.0990195135927845 9 187 4.795831523312719
 9 188 4.358898943540674 9 189 4.898979485566356 9 190 8.426149773176359 9 191 4.898979485566356 9 192 5.196152422706632 9 193 4.358898943540674 9 194 4.242640687119285 9 195 4.242640687119285 9 196 4.123105625617661 9 197 4.0 9 198 3.872983346207417
 9 199 4.358898943540674 9 200 4.0 9 201 4.47213595499958 9 202 5.0990195135927845 9 203 4.58257569495584 9 204 4.358898943540674 9 205 4.242640687119285 9 206 4.242640687119285 9 207 4.47213595499958 9 208 4.358898943540674 9 209 4.358898943540674
 9 210 4.47213595499958 9 211 4.358898943540674 9 212 4.123105625617661 9 213 4.358898943540674 9 214 4.47213595499958 9 215 5.916079783099616 9 216 4.58257569495584 9 217 4.47213595499958 9 218 4.69041575982343 9 219 4.47213595499958 9 220 5.916079783099616
 9 221 5.0 9 222 4.58257569495584 9 223 4.242640687119285 9 224 4.242640687119285 9 225 3.872983346207417 9 226 4.0 9 227 4.242640687119285 9 228 4.58257569495584 9 229 5.0 9 230 4.795831523312719 9 231 4.47213595499958
 9 232 5.385164807134504 9 233 4.795831523312719 9 234 4.242640687119285 9 235 4.58257569495584 9 236 4.242640687119285 9 237 4.795831523312719 9 238 4.58257569495584 9 239 4.58257569495584 9 240 4.358898943540674 9 241 4.69041575982343 9 242 4.69041575982343
 9 243 4.242640687119285 9 244 4.69041575982343 9 245 4.47213595499958 9 246 4.58257569495584 9 247 4.242640687119285 9 248 4.47213595499958 9 249 5.5677643628300215 9 250 4.47213595499958 9 251 4.123105625617661 9 252 4.358898943540674 9 253 4.69041575982343
 9 254 4.242640687119285 9 255 4.0 9 256 5.0 9 257 4.0 9 258 4.242640687119285 9 259 6.164414002968976 9 260 4.795831523312719 9 261 4.69041575982343 9 262 4.47213595499958 9 263 4.242640687119285 9 264 4.898979485566356
 9 265 4.358898943540674 9 266 4.69041575982343 9 267 4.0 9 268 4.358898943540674 9 269 4.242640687119285 9 270 4.47213595499958 9 271 4.47213595499958 9 272 5.291502622129181 9 273 5.291502622129181 9 274 4.898979485566356 9 275 5.0
 9 276 4.69041575982343 9 277 4.47213595499958 9 278 4.795831523312719 9 279 4.242640687119285 9 280 4.58257569495584 10 11 4.0 10 12 3.4641016151377544 10 13 3.0 10 14 3.3166247903554 10 15 4.0 10 16 4.69041575982343
 10 17 3.4641016151377544 10 18 3.0 10 19 4.242640687119285 10 20 4.242640687119285 10 21 4.47213595499958 10 22 4.795831523312719 10 23 3.1622776601683795 10 24 4.898979485566356 10 25 6.4031242374328485 10 26 3.4641016151377544 10 27 3.3166247903554
 10 28 4.242640687119285 10 29 4.47213595499958 10 30 3.872983346207417 10 31 3.7416573867739413 10 32 5.5677643628300215 10 33 3.1622776601683795 10 34 3.7416573867739413 10 35 3.1622776601683795 10 36 3.1622776601683795 10 37 3.3166247903554 10 38 3.1622776601683795
 10 39 3.4641016151377544 10 40 3.4641016151377544 10 41 4.0 10 42 3.3166247903554 10 43 3.7416573867739413 10 44 3.4641016151377544 10 45 3.3166247903554 10 46 3.3166247903554 10 47 3.3166247903554 10 48 3.605551275463989 10 49 3.3166247903554
 10 50 3.1622776601683795 10 51 4.58257569495584 10 52 3.872983346207417 10 53 3.4641016151377544 10 54 4.58257569495584 10 55 4.358898943540674 10 56 3.7416573867739413 10 57 4.123105625617661 10 58 3.4641016151377544 10 59 3.7416573867739413 10 60 3.1622776601683795
 10 61 3.4641016151377544 10 62 4.242640687119285 10 63 3.3166247903554 10 64 4.242640687119285 10 65 3.605551275463989 10 66 3.4641016151377544 10 67 3.3166247903554 10 68 4.123105625617661 10 69 3.3166247903554 10 70 3.1622776601683795 10 71 3.3166247903554
 10 72 3.605551275463989 10 73 3.872983346207417 10 74 3.1622776601683795 10 75 3.1622776601683795 10 76 3.605551275463989 10 77 3.1622776601683795 10 78 4.242640687119285 10 79 3.872983346207417 10 80 4.242640687119285 10 81 3.7416573867739413 10 82 3.872983346207417
 10 83 4.358898943540674 10 84 3.605551275463989 10 85 3.605551275463989 10 86 3.3166247903554 10 87 4.242640687119285 10 88 4.123105625617661 10 89 3.872983346207417 10 90 3.3166247903554 10 91 3.3166247903554 10 92 4.58257569495584 10 93 3.3166247903554
 10 94 3.605551275463989 10 95 6.244997998398398 10 96 3.3166247903554 10 97 3.0 10 98 3.605551275463989 10 99 3.0 10 100 3.0 10 101 3.0 10 102 4.0 10 103 4.123105625617661 10 104 3.3166247903554
 10 105 3.1622776601683795 10 106 4.123105625617661 10 107 5.196152422706632 10 108 3.7416573867739413 10 109 4.123105625617661 10 110 3.0 10 111 3.605551275463989 10 112 3.3166247903554 10 113 4.123105625617661 10 114 4.795831523312719 10 115 6.0
 10 116 3.0 10 117 3.7416573867739413 10 118 3.1622776601683795 10 119 3.4641016151377544 10 120 3.0 10 121 3.1622776601683795 10 122 4.123105625617661 10 123 3.7416573867739413 10 124 3.1622776601683795 10 125 3.1622776601683795 10 126 3.0
 10 127 3.3166247903554 10 128 3.1622776601683795 10 129 4.0 10 130 3.3166247903554 10 131 3.1622776601683795 10 132 4.0 10 133 4.242640687119285 10 134 3.1622776601683795 10 135 3.0 10 136 4.58257569495584 10 137 3.0
 10 138 5.291502622129181 10 139 6.082762530298219 10 140 3.1622776601683795 10 141 4.795831523312719 10 142 3.1622776601683795 10 143 3.3166247903554 10 144 3.4641016151377544 10 145 3.0 10 146 3.3166247903554 10 147 3.0 10 148 3.7416573867739413
 10 149 5.196152422706632 10 150 3.4641016151377544 10 151 3.1622776601683795 10 152 4.123105625617661 10 153 4.47213595499958 10 154 3.872983346207417 10 155 4.47213595499958 10 156 3.1622776601683795 10 157 3.0 10 158 4.58257569495584 10 159 3.7416573867739413
 10 160 4.898979485566356 10 161 3.3166247903554 10 162 3.4641016151377544 10 163 3.3166247903554 10 164 3.605551275463989 10 165 3.872983346207417 10 166 3.4641016151377544 10 167 3.872983346207417 10 168 3.4641016151377544 10 169 3.3166247903554 10 170 3.605551275463989
 10 171 3.1622776601683795 10 172 4.0 10 173 3.1622776601683795 10 174 4.795831523312719 10 175 4.242640687119285 10 176 4.0 10 177 3.605551275463989 10 178 4.58257569495584 10 179 4.0 10 180 5.291502622129181 10 181 3.3166247903554
 10 182 3.7416573867739413 10 183 6.782329983125268 10 184 4.47213595499958 10 185 3.605551275463989 10 186 4.123105625617661 10 187 3.7416573867739413 10 188 3.4641016151377544 10 189 3.872983346207417 10 190 7.874007874011811 10 191 4.123105625617661 10 192 5.0990195135927845
 10 193 4.0 10 194 3.3166247903554 10 195 3.0 10 196 3.1622776601683795 10 197 3.0 10 198 3.4641016151377544 10 199 4.0 10 200 3.0 10 201 3.872983346207417 10 202 4.358898943540674 10 203 3.4641016151377544
 10 204 3.4641016151377544 10 205 3.3166247903554 10 206 3.3166247903554 10 207 3.3166247903554 10 208 3.4641016151377544 10 209 3.7416573867739413 10 210 3.605551275463989 10 211 3.4641016151377544 10 212 3.1622776601683795 10 213 3.1622776601683795 10 214 3.605551275463989
 10 215 5.0990195135927845 10 216 3.4641016151377544 10 217 4.123105625617661 10 218 3.605551275463989 10 219 3.3166247903554 10 220 5.656854249492381 10 221 4.0 10 222 3.7416573867739413 10 223 3.3166247903554 10 224 4.123105625617661 10 225 3.4641016151377544
 10 226 3.0 10 227 3.3166247903554 10 228 3.4641016151377544 10 229 4.47213595499958 10 230 4.0 10 231 3.3166247903554 10 232 4.69041575982343 10 233 4.0 10 234 3.605551275463989 10 235 3.7416573867739413 10 236 3.3166247903554
 10 237 3.7416573867739413 10 238 3.4641016151377544 10 239 3.4641016151377544 10 240 3.1622776601683795 10 241 3.605551275463989 10 242 3.605551275463989 10 243 3.0 10 244 3.872983346207417 10 245 3.605551275463989 10 246 3.7416573867739413 10 247 3.3166247903554
 10 248 3.3166247903554 10 249 4.898979485566356 10 250 3.3166247903554 10 251 3.1622776601683795 10 252 3.1622776601683795 10 253 4.123105625617661 10 254 3.0 10 255 3.0 10 256 4.242640687119285 10 257 3.605551275463989 10 258 3.3166247903554
 10 259 5.5677643628300215 10 260 4.0 10 261 3.872983346207417 10 262 3.605551275463989 10 263 3.0 10 264 4.358898943540674 10 265 4.0 10 266 3.872983346207417 10 267 3.3166247903554 10 268 3.7416573867739413 10 269 3.3166247903554
 10 270 3.3166247903554 10 271 3.3166247903554 10 272 4.58257569495584 10 273 4.358898943540674 10 274 4.123105625617661 10 275 4.0 10 276 3.605551275463989 10 277 3.3166247903554 10 278 3.7416573867739413 10 279 3.0 10 280 3.4641016151377544
 11 12 3.4641016151377544 11 13 3.3166247903554 11 14 3.605551275463989 11 15 4.0 11 16 4.898979485566356 11 17 3.7416573867739413 11 18 3.3166247903554 11 19 4.47213595499958 11 20 4.0 11 21 4.47213595499958 11 22 4.795831523312719
 11 23 3.4641016151377544 11 24 5.0990195135927845 11 25 6.4031242374328485 11 26 3.7416573867739413 11 27 3.605551275463989 11 28 4.47213595499958 11 29 4.69041575982343 11 30 4.123105625617661 11 31 4.0 11 32 5.196152422706632 11 33 3.1622776601683795
 11 34 3.4641016151377544 11 35 3.4641016151377544 11 36 3.4641016151377544 11 37 3.0 11 38 3.4641016151377544 11 39 3.4641016151377544 11 40 3.7416573867739413 11 41 4.242640687119285 11 42 3.605551275463989 11 43 3.7416573867739413 11 44 3.7416573867739413
 11 45 3.605551275463989 11 46 3.605551275463989 11 47 3.605551275463989 11 48 3.872983346207417 11 49 3.605551275463989 11 50 3.4641016151377544 11 51 4.795831523312719 11 52 4.123105625617661 11 53 3.7416573867739413 11 54 4.58257569495584 11 55 4.358898943540674
 11 56 3.7416573867739413 11 57 4.358898943540674 11 58 3.7416573867739413 11 59 4.0 11 60 3.4641016151377544 11 61 3.7416573867739413 11 62 4.0 11 63 3.605551275463989 11 64 4.242640687119285 11 65 3.3166247903554 11 66 3.4641016151377544
 11 67 3.605551275463989 11 68 4.358898943540674 11 69 3.605551275463989 11 70 3.4641016151377544 11 71 3.605551275463989 11 72 3.605551275463989 11 73 4.123105625617661 11 74 3.4641016151377544 11 75 3.4641016151377544 11 76 3.872983346207417 11 77 3.1622776601683795
 11 78 4.47213595499958 11 79 4.123105625617661 11 80 4.47213595499958 11 81 4.0 11 82 4.123105625617661 11 83 4.58257569495584 11 84 3.872983346207417 11 85 3.872983346207417 11 86 3.605551275463989 11 87 4.242640687119285 11 88 4.123105625617661
 11 89 3.872983346207417 11 90 3.605551275463989 11 91 3.605551275463989 11 92 4.795831523312719 11 93 3.605551275463989 11 94 3.872983346207417 11 95 6.4031242374328485 11 96 3.605551275463989 11 97 3.3166247903554 11 98 3.872983346207417 11 99 3.3166247903554
 11 100 3.3166247903554 11 101 3.3166247903554 11 102 4.242640687119285 11 103 4.358898943540674 11 104 3.605551275463989 11 105 3.4641016151377544 11 106 4.123105625617661 11 107 5.385164807134504 11 108 4.0 11 109 4.358898943540674 11 110 3.3166247903554
 11 111 3.872983346207417 11 112 3.605551275463989 11 113 4.358898943540674 11 114 5.0 11 115 5.830951894845301 11 116 3.3166247903554 11 117 3.7416573867739413 11 118 3.4641016151377544 11 119 3.7416573867739413 11 120 3.3166247903554 11 121 3.4641016151377544
 11 122 4.358898943540674 11 123 4.0 11 124 3.4641016151377544 11 125 3.4641016151377544 11 126 3.3166247903554 11 127 3.605551275463989 11 128 3.4641016151377544 11 129 3.7416573867739413 11 130 3.605551275463989 11 131 3.4641016151377544 11 132 4.242640687119285
 11 133 4.242640687119285 11 134 3.4641016151377544 11 135 3.3166247903554 11 136 4.795831523312719 11 137 3.3166247903554 11 138 5.477225575051661 11 139 5.916079783099616 11 140 3.4641016151377544 11 141 4.795831523312719 11 142 3.4641016151377544 11 143 3.605551275463989
 11 144 3.7416573867739413 11 145 3.3166247903554 11 146 3.605551275463989 11 147 3.3166247903554 11 148 4.0 11 149 5.196152422706632 11 150 3.7416573867739413 11 151 3.4641016151377544 11 152 4.358898943540674 11 153 4.69041575982343 11 154 3.872983346207417
 11 155 4.47213595499958 11 156 3.4641016151377544 11 157 3.3166247903554 11 158 4.358898943540674 11 159 4.0 11 160 4.898979485566356 11 161 3.605551275463989 11 162 3.4641016151377544 11 163 3.605551275463989 11 164 3.872983346207417 11 165 4.123105625617661
 11 166 3.4641016151377544 11 167 4.123105625617661 11 168 3.7416573867739413 11 169 3.3166247903554 11 170 3.605551275463989 11 171 3.4641016151377544 11 172 4.0 11 173 3.4641016151377544 11 174 4.358898943540674 11 175 4.0 11 176 4.0
 11 177 3.872983346207417 11 178 4.58257569495584 11 179 4.242640687119285 11 180 5.477225575051661 11 181 3.3166247903554 11 182 4.0 11 183 6.782329983125268 11 184 4.47213595499958 11 185 3.872983346207417 11 186 4.358898943540674 11 187 4.0
 11 188 3.7416573867739413 11 189 3.872983346207417 11 190 8.0 11 191 4.358898943540674 11 192 5.0990195135927845 11 193 4.0 11 194 3.3166247903554 11 195 3.3166247903554 11 196 3.4641016151377544 11 197 3.3166247903554 11 198 3.4641016151377544
 11 199 4.242640687119285 11 200 3.3166247903554 11 201 4.123105625617661 11 202 4.58257569495584 11 203 3.7416573867739413 11 204 3.7416573867739413 11 205 3.605551275463989 11 206 3.605551275463989 11 207 3.605551275463989 11 208 3.7416573867739413 11 209 4.0
 11 210 3.605551275463989 11 211 3.7416573867739413 11 212 3.4641016151377544 11 213 3.4641016151377544 11 214 3.872983346207417 11 215 5.291502622129181 11 216 3.7416573867739413 11 217 4.123105625617661 11 218 3.872983346207417 11 219 3.605551275463989 11 220 5.477225575051661
 11 221 4.242640687119285 11 222 4.0 11 223 3.605551275463989 11 224 4.123105625617661 11 225 3.4641016151377544 11 226 3.3166247903554 11 227 3.605551275463989 11 228 3.4641016151377544 11 229 4.242640687119285 11 230 4.242640687119285 11 231 3.605551275463989
 11 232 4.69041575982343 11 233 4.0 11 234 3.872983346207417 11 235 4.0 11 236 3.605551275463989 11 237 4.0 11 238 3.7416573867739413 11 239 3.7416573867739413 11 240 3.4641016151377544 11 241 3.872983346207417 11 242 3.872983346207417
 11 243 3.3166247903554 11 244 3.872983346207417 11 245 3.872983346207417 11 246 4.0 11 247 3.605551275463989 11 248 3.605551275463989 11 249 4.898979485566356 11 250 3.605551275463989 11 251 3.4641016151377544 11 252 3.4641016151377544 11 253 4.358898943540674
 11 254 3.3166247903554 11 255 3.3166247903554 11 256 4.242640687119285 11 257 3.605551275463989 11 258 3.605551275463989 11 259 5.5677643628300215 11 260 4.0 11 261 4.123105625617661 11 262 3.872983346207417 11 263 3.0 11 264 4.58257569495584
 11 265 4.0 11 266 4.123105625617661 11 267 3.605551275463989 11 268 4.0 11 269 3.605551275463989 11 270 3.605551275463989 11 271 3.605551275463989 11 272 4.58257569495584 11 273 4.358898943540674 11 274 4.358898943540674 11 275 4.242640687119285
 11 276 3.605551275463989 11 277 3.3166247903554 11 278 3.7416573867739413 11 279 3.3166247903554 11 280 3.7416573867739413 12 13 2.23606797749979 12 14 3.0 12 15 3.4641016151377544 12 16 3.7416573867739413 12 17 3.1622776601683795 12 18 2.6457513110645907
 12 19 3.7416573867739413 12 20 3.4641016151377544 12 21 4.242640687119285 12 22 4.58257569495584 12 23 2.8284271247461903 12 24 4.47213595499958 12 25 6.244997998398398 12 26 2.8284271247461903 12 27 3.0 12 28 3.7416573867739413 12 29 3.4641016151377544
 12 30 3.605551275463989 12 31 3.4641016151377544 12 32 5.196152422706632 12 33 2.449489742783178 12 34 3.1622776601683795 12 35 2.8284271247461903 12 36 2.8284271247461903 12 37 3.0 12 38 2.449489742783178 12 39 3.1622776601683795 12 40 2.8284271247461903
 12 41 3.4641016151377544 12 42 2.6457513110645907 12 43 3.4641016151377544 12 44 2.8284271247461903 12 45 3.0 12 46 3.0 12 47 3.0 12 48 3.0 12 49 2.6457513110645907 12 50 2.8284271247461903 12 51 4.358898943540674
 12 52 3.605551275463989 12 53 3.1622776601683795 12 54 4.123105625617661 12 55 3.872983346207417 12 56 3.4641016151377544 12 57 3.872983346207417 12 58 3.1622776601683795 12 59 3.1622776601683795 12 60 2.449489742783178 12 61 3.1622776601683795 12 62 3.7416573867739413
 12 63 2.6457513110645907 12 64 3.1622776601683795 12 65 3.3166247903554 12 66 2.8284271247461903 12 67 3.0 12 68 3.3166247903554 12 69 3.0 12 70 2.449489742783178 12 71 2.6457513110645907 12 72 3.3166247903554 12 73 3.605551275463989
 12 74 2.449489742783178 12 75 2.449489742783178 12 76 3.0 12 77 2.449489742783178 12 78 4.0 12 79 3.3166247903554 12 80 4.0 12 81 3.1622776601683795 12 82 3.3166247903554 12 83 3.872983346207417 12 84 3.0
 12 85 3.3166247903554 12 86 2.6457513110645907 12 87 4.0 12 88 3.605551275463989 12 89 3.3166247903554 12 90 2.6457513110645907 12 91 3.0 12 92 4.358898943540674 12 93 2.6457513110645907 12 94 3.3166247903554 12 95 5.916079783099616
 12 96 2.6457513110645907 12 97 2.6457513110645907 12 98 3.0 12 99 2.6457513110645907 12 100 2.23606797749979 12 101 2.6457513110645907 12 102 3.4641016151377544 12 103 3.872983346207417 12 104 3.0 12 105 2.449489742783178 12 106 3.605551275463989
 12 107 5.0 12 108 3.1622776601683795 12 109 3.872983346207417 12 110 2.6457513110645907 12 111 3.3166247903554 12 112 2.6457513110645907 12 113 3.605551275463989 12 114 3.872983346207417 12 115 5.291502622129181 12 116 2.23606797749979 12 117 3.1622776601683795
 12 118 2.449489742783178 12 119 3.1622776601683795 12 120 2.23606797749979 12 121 2.8284271247461903 12 122 3.605551275463989 12 123 3.4641016151377544 12 124 2.449489742783178 12 125 2.8284271247461903 12 126 2.23606797749979 12 127 3.0 12 128 2.449489742783178
 12 129 3.4641016151377544 12 130 2.6457513110645907 12 131 2.449489742783178 12 132 3.4641016151377544 12 133 4.0 12 134 2.449489742783178 12 135 2.23606797749979 12 136 4.358898943540674 12 137 2.6457513110645907 12 138 4.69041575982343 12 139 5.5677643628300215
 12 140 2.449489742783178 12 141 4.358898943540674 12 142 2.449489742783178 12 143 2.6457513110645907 12 144 3.1622776601683795 12 145 2.23606797749979 12 146 3.0 12 147 2.6457513110645907 12 148 3.4641016151377544 12 149 4.795831523312719 12 150 2.8284271247461903
 12 151 2.8284271247461903 12 152 3.872983346207417 12 153 4.0 12 154 2.6457513110645907 12 155 4.0 12 156 2.449489742783178 12 157 2.6457513110645907 12 158 4.123105625617661 12 159 3.4641016151377544 12 160 4.69041575982343 12 161 2.6457513110645907
 12 162 2.8284271247461903 12 163 2.6457513110645907 12 164 3.3166247903554 12 165 3.3166247903554 12 166 2.8284271247461903 12 167 3.605551275463989 12 168 2.8284271247461903 12 169 2.6457513110645907 12 170 3.0 12 171 2.449489742783178 12 172 3.1622776601683795
 12 173 2.449489742783178 12 174 4.58257569495584 12 175 3.4641016151377544 12 176 3.7416573867739413 12 177 3.0 12 178 4.123105625617661 12 179 3.4641016151377544 12 180 4.898979485566356 12 181 2.6457513110645907 12 182 3.1622776601683795 12 183 6.48074069840786
 12 184 4.0 12 185 3.3166247903554 12 186 3.605551275463989 12 187 3.1622776601683795 12 188 2.8284271247461903 12 189 3.3166247903554 12 190 7.0710678118654755 12 191 3.3166247903554 12 192 4.47213595499958 12 193 3.7416573867739413 12 194 2.6457513110645907
 12 195 2.23606797749979 12 196 2.8284271247461903 12 197 2.23606797749979 12 198 2.8284271247461903 12 199 3.4641016151377544 12 200 2.6457513110645907 12 201 3.3166247903554 12 202 3.872983346207417 12 203 3.1622776601683795 12 204 2.8284271247461903 12 205 2.6457513110645907
 12 206 2.6457513110645907 12 207 2.6457513110645907 12 208 2.8284271247461903 12 209 3.1622776601683795 12 210 3.0 12 211 2.8284271247461903 12 212 2.449489742783178 12 213 2.449489742783178 12 214 3.0 12 215 4.898979485566356 12 216 2.8284271247461903
 12 217 3.872983346207417 12 218 3.0 12 219 2.6457513110645907 12 220 5.477225575051661 12 221 3.4641016151377544 12 222 3.1622776601683795 12 223 2.6457513110645907 12 224 3.605551275463989 12 225 2.8284271247461903 12 226 2.6457513110645907 12 227 2.6457513110645907
 12 228 3.1622776601683795 12 229 3.7416573867739413 12 230 3.7416573867739413 12 231 3.0 12 232 4.0 12 233 3.7416573867739413 12 234 3.0 12 235 3.4641016151377544 12 236 2.6457513110645907 12 237 3.1622776601683795 12 238 3.1622776601683795
 12 239 3.1622776601683795 12 240 2.8284271247461903 12 241 3.0 12 242 3.3166247903554 12 243 2.6457513110645907 12 244 3.605551275463989 12 245 3.0 12 246 3.1622776601683795 12 247 2.23606797749979 12 248 3.0 12 249 4.47213595499958
 12 250 3.0 12 251 2.449489742783178 12 252 2.8284271247461903 12 253 3.605551275463989 12 254 2.6457513110645907 12 255 2.6457513110645907 12 256 3.7416573867739413 12 257 3.0 12 258 2.6457513110645907 12 259 5.196152422706632 12 260 3.7416573867739413
 12 261 3.605551275463989 12 262 3.0 12 263 2.23606797749979 12 264 3.872983346207417 12 265 3.4641016151377544 12 266 3.0 12 267 2.6457513110645907 12 268 2.8284271247461903 12 269 2.6457513110645907 12 270 3.0 12 271 2.6457513110645907
 12 272 4.123105625617661 12 273 4.123105625617661 12 274 3.872983346207417 12 275 3.4641016151377544 12 276 3.3166247903554 12 277 3.0 12 278 3.4641016151377544 12 279 2.6457513110645907 12 280 2.8284271247461903 13 14 2.449489742783178 13 15 3.0
 13 16 3.3166247903554 13 17 2.6457513110645907 13 18 2.0 13 19 3.0 13 20 3.0 13 21 3.872983346207417 13 22 4.242640687119285 13 23 2.23606797749979 13 24 3.872983346207417 13 25 5.830951894845301 13 26 2.23606797749979
 13 27 2.449489742783178 13 28 3.605551275463989 13 29 3.3166247903554 13 30 3.1622776601683795 13 31 3.0 13 32 4.898979485566356 13 33 1.7320508075688772 13 34 2.6457513110645907 13 35 2.23606797749979 13 36 2.23606797749979 13 37 2.449489742783178
 13 38 1.0 13 39 2.6457513110645907 13 40 1.7320508075688772 13 41 3.0 13 42 2.0 13 43 3.0 13 44 2.23606797749979 13 45 2.449489742783178 13 46 2.449489742783178 13 47 2.449489742783178 13 48 2.0
 13 49 2.0 13 50 2.23606797749979 13 51 4.0 13 52 3.1622776601683795 13 53 2.6457513110645907 13 54 4.0 13 55 3.7416573867739413 13 56 3.0 13 57 3.4641016151377544 13 58 2.23606797749979 13 59 2.6457513110645907
 13 60 1.7320508075688772 13 61 2.6457513110645907 13 62 3.3166247903554 13 63 1.4142135623730951 13 64 2.6457513110645907 13 65 2.8284271247461903 13 66 2.6457513110645907 13 67 2.449489742783178 13 68 3.1622776601683795 13 69 2.449489742783178 13 70 1.7320508075688772
 13 71 1.4142135623730951 13 72 2.8284271247461903 13 73 3.1622776601683795 13 74 1.7320508075688772 13 75 1.0 13 76 2.449489742783178 13 77 2.23606797749979 13 78 3.605551275463989 13 79 2.8284271247461903 13 80 3.605551275463989 13 81 2.6457513110645907
 13 82 2.8284271247461903 13 83 3.1622776601683795 13 84 2.449489742783178 13 85 2.8284271247461903 13 86 1.4142135623730951 13 87 3.605551275463989 13 88 3.1622776601683795 13 89 2.449489742783178 13 90 2.0 13 91 2.449489742783178 13 92 4.0
 13 93 2.0 13 94 2.8284271247461903 13 95 5.656854249492381 13 96 2.0 13 97 2.0 13 98 2.449489742783178 13 99 2.0 13 100 0.0 13 101 2.0 13 102 2.6457513110645907 13 103 3.4641016151377544
 13 104 2.449489742783178 13 105 1.7320508075688772 13 106 2.8284271247461903 13 107 4.69041575982343 13 108 2.6457513110645907 13 109 3.4641016151377544 13 110 2.0 13 111 2.8284271247461903 13 112 1.4142135623730951 13 113 3.1622776601683795 13 114 3.4641016151377544
 13 115 5.0 13 116 1.4142135623730951 13 117 2.6457513110645907 13 118 1.0 13 119 2.6457513110645907 13 120 1.4142135623730951 13 121 2.23606797749979 13 122 3.1622776601683795 13 123 3.0 13 124 1.7320508075688772 13 125 2.23606797749979
 13 126 1.4142135623730951 13 127 2.449489742783178 13 128 1.7320508075688772 13 129 3.0 13 130 1.4142135623730951 13 131 1.7320508075688772 13 132 3.0 13 133 3.605551275463989 13 134 1.7320508075688772 13 135 0.0 13 136 4.0
 13 137 2.0 13 138 4.123105625617661 13 139 5.0990195135927845 13 140 1.7320508075688772 13 141 4.0 13 142 1.7320508075688772 13 143 2.0 13 144 2.6457513110645907 13 145 1.4142135623730951 13 146 2.449489742783178 13 147 2.0
 13 148 3.0 13 149 4.69041575982343 13 150 1.7320508075688772 13 151 2.23606797749979 13 152 3.4641016151377544 13 153 3.605551275463989 13 154 2.449489742783178 13 155 3.605551275463989 13 156 1.7320508075688772 13 157 2.0 13 158 4.0
 13 159 3.0 13 160 4.358898943540674 13 161 1.4142135623730951 13 162 2.23606797749979 13 1