 140 141 3.872983346207417 140 142 1.4142135623730951 140 143 2.23606797749979 140 144 2.449489742783178 140 145 1.7320508075688772 140 146 2.6457513110645907 140 147 2.23606797749979 140 148 3.1622776601683795 140 149 4.58257569495584 140 150 2.449489742783178 140 151 2.0
 140 152 3.605551275463989 140 153 3.7416573867739413 140 154 2.6457513110645907 140 155 3.7416573867739413 140 156 2.0 140 157 2.23606797749979 140 158 3.872983346207417 140 159 2.8284271247461903 140 160 4.47213595499958 140 161 1.7320508075688772 140 162 2.0
 140 163 2.23606797749979 140 164 3.0 140 165 3.0 140 166 2.449489742783178 140 167 3.3166247903554 140 168 2.449489742783178 140 169 2.23606797749979 140 170 2.6457513110645907 140 171 2.0 140 172 3.1622776601683795 140 173 2.0
 140 174 4.358898943540674 140 175 3.1622776601683795 140 176 3.4641016151377544 140 177 2.6457513110645907 140 178 4.123105625617661 140 179 3.1622776601683795 140 180 4.69041575982343 140 181 2.23606797749979 140 182 2.8284271247461903 140 183 6.164414002968976 140 184 3.7416573867739413
 140 185 3.0 140 186 3.3166247903554 140 187 2.8284271247461903 140 188 2.0 140 189 3.0 140 190 7.0710678118654755 140 191 3.3166247903554 140 192 4.0 140 193 3.4641016151377544 140 194 2.23606797749979 140 195 1.7320508075688772
 140 196 2.449489742783178 140 197 1.7320508075688772 140 198 2.449489742783178 140 199 2.8284271247461903 140 200 2.23606797749979 140 201 3.0 140 202 3.605551275463989 140 203 2.449489742783178 140 204 2.0 140 205 1.7320508075688772 140 206 1.7320508075688772
 140 207 2.23606797749979 140 208 2.0 140 209 2.8284271247461903 140 210 2.23606797749979 140 211 2.449489742783178 140 212 1.4142135623730951 140 213 2.0 140 214 2.23606797749979 140 215 4.69041575982343 140 216 2.449489742783178 140 217 3.605551275463989
 140 218 3.0 140 219 2.23606797749979 140 220 4.898979485566356 140 221 3.1622776601683795 140 222 2.8284271247461903 140 223 1.7320508075688772 140 224 3.0 140 225 2.449489742783178 140 226 1.7320508075688772 140 227 1.7320508075688772 140 228 2.8284271247461903
 140 229 3.7416573867739413 140 230 3.4641016151377544 140 231 2.6457513110645907 140 232 3.4641016151377544 140 233 3.4641016151377544 140 234 2.23606797749979 140 235 3.1622776601683795 140 236 1.7320508075688772 140 237 2.8284271247461903 140 238 2.8284271247461903 140 239 2.449489742783178
 140 240 2.449489742783178 140 241 2.23606797749979 140 242 3.0 140 243 2.23606797749979 140 244 3.3166247903554 140 245 2.23606797749979 140 246 2.449489742783178 140 247 2.23606797749979 140 248 2.6457513110645907 140 249 4.242640687119285 140 250 2.6457513110645907
 140 251 2.0 140 252 2.449489742783178 140 253 3.3166247903554 140 254 2.23606797749979 140 255 2.23606797749979 140 256 3.4641016151377544 140 257 2.6457513110645907 140 258 1.7320508075688772 140 259 4.795831523312719 140 260 3.4641016151377544 140 261 3.0
 140 262 2.6457513110645907 140 263 1.7320508075688772 140 264 3.605551275463989 140 265 2.8284271247461903 140 266 3.0 140 267 2.23606797749979 140 268 2.8284271247461903 140 269 2.23606797749979 140 270 2.6457513110645907 140 271 2.23606797749979 140 272 3.605551275463989
 140 273 3.605551275463989 140 274 3.605551275463989 140 275 3.1622776601683795 140 276 3.0 140 277 2.6457513110645907 140 278 2.8284271247461903 140 279 1.7320508075688772 140 280 2.0 141 142 3.872983346207417 141 143 4.242640687119285 141 144 4.358898943540674
 141 145 4.0 141 146 4.47213595499958 141 147 4.242640687119285 141 148 4.795831523312719 141 149 5.830951894845301 141 150 4.358898943540674 141 151 4.123105625617661 141 152 5.0990195135927845 141 153 5.196152422706632 141 154 4.242640687119285 141 155 5.196152422706632
 141 156 4.123105625617661 141 157 4.242640687119285 141 158 5.291502622129181 141 159 4.58257569495584 141 160 5.744562646538029 141 161 4.0 141 162 4.123105625617661 141 163 4.242640687119285 141 164 4.69041575982343 141 165 4.69041575982343 141 166 4.358898943540674
 141 167 4.898979485566356 141 168 4.358898943540674 141 169 4.242640687119285 141 170 4.242640687119285 141 171 4.123105625617661 141 172 4.795831523312719 141 173 4.123105625617661 141 174 5.477225575051661 141 175 4.795831523312719 141 176 4.795831523312719 141 177 4.47213595499958
 141 178 5.477225575051661 141 179 4.795831523312719 141 180 5.916079783099616 141 181 4.242640687119285 141 182 4.58257569495584 141 183 7.14142842854285 141 184 5.196152422706632 141 185 4.69041575982343 141 186 4.898979485566356 141 187 4.58257569495584 141 188 4.123105625617661
 141 189 4.69041575982343 141 190 7.810249675906654 141 191 4.898979485566356 141 192 5.196152422706632 141 193 4.795831523312719 141 194 4.242640687119285 141 195 4.0 141 196 4.358898943540674 141 197 4.0 141 198 4.123105625617661 141 199 4.58257569495584
 141 200 4.242640687119285 141 201 4.69041575982343 141 202 5.0990195135927845 141 203 4.358898943540674 141 204 4.123105625617661 141 205 4.0 141 206 4.0 141 207 4.242640687119285 141 208 4.123105625617661 141 209 4.58257569495584 141 210 4.242640687119285
 141 211 4.358898943540674 141 212 3.872983346207417 141 213 4.123105625617661 141 214 4.242640687119285 141 215 5.916079783099616 141 216 4.358898943540674 141 217 4.898979485566356 141 218 4.69041575982343 141 219 4.242640687119285 141 220 5.744562646538029 141 221 4.795831523312719
 141 222 4.58257569495584 141 223 4.0 141 224 4.47213595499958 141 225 4.123105625617661 141 226 4.0 141 227 4.0 141 228 4.58257569495584 141 229 5.0 141 230 4.795831523312719 141 231 4.47213595499958 141 232 5.0
 141 233 4.795831523312719 141 234 4.242640687119285 141 235 4.795831523312719 141 236 4.0 141 237 4.58257569495584 141 238 4.58257569495584 141 239 4.358898943540674 141 240 4.358898943540674 141 241 4.242640687119285 141 242 4.69041575982343 141 243 4.242640687119285
 141 244 4.898979485566356 141 245 4.242640687119285 141 246 4.358898943540674 141 247 4.242640687119285 141 248 4.47213595499958 141 249 5.5677643628300215 141 250 4.47213595499958 141 251 4.123105625617661 141 252 4.358898943540674 141 253 4.898979485566356 141 254 4.242640687119285
 141 255 4.242640687119285 141 256 5.0 141 257 4.242640687119285 141 258 4.0 141 259 6.0 141 260 5.0 141 261 4.69041575982343 141 262 4.47213595499958 141 263 4.0 141 264 5.0990195135927845 141 265 4.358898943540674
 141 266 4.69041575982343 141 267 4.242640687119285 141 268 4.58257569495584 141 269 4.242640687119285 141 270 4.242640687119285 141 271 4.242640687119285 141 272 4.898979485566356 141 273 5.0990195135927845 141 274 5.0990195135927845 141 275 4.795831523312719 141 276 4.69041575982343
 141 277 4.47213595499958 141 278 4.58257569495584 141 279 4.0 141 280 4.123105625617661 142 143 2.23606797749979 142 144 2.449489742783178 142 145 1.7320508075688772 142 146 2.6457513110645907 142 147 2.23606797749979 142 148 3.1622776601683795 142 149 4.58257569495584
 142 150 2.0 142 151 2.0 142 152 3.605551275463989 142 153 3.7416573867739413 142 154 2.6457513110645907 142 155 3.4641016151377544 142 156 2.0 142 157 2.23606797749979 142 158 3.872983346207417 142 159 2.8284271247461903 142 160 4.47213595499958
 142 161 1.7320508075688772 142 162 2.0 142 163 2.23606797749979 142 164 3.0 142 165 3.0 142 166 2.449489742783178 142 167 3.3166247903554 142 168 2.0 142 169 2.23606797749979 142 170 2.6457513110645907 142 171 2.0
 142 172 3.1622776601683795 142 173 2.0 142 174 4.358898943540674 142 175 3.1622776601683795 142 176 3.4641016151377544 142 177 2.23606797749979 142 178 4.123105625617661 142 179 3.1622776601683795 142 180 4.69041575982343 142 181 2.23606797749979 142 182 2.8284271247461903
 142 183 6.164414002968976 142 184 3.7416573867739413 142 185 3.0 142 186 3.3166247903554 142 187 2.8284271247461903 142 188 2.0 142 189 3.0 142 190 7.0710678118654755 142 191 3.3166247903554 142 192 3.7416573867739413 142 193 3.4641016151377544
 142 194 2.23606797749979 142 195 1.7320508075688772 142 196 2.449489742783178 142 197 1.7320508075688772 142 198 2.449489742783178 142 199 2.8284271247461903 142 200 2.23606797749979 142 201 3.0 142 202 3.605551275463989 142 203 2.449489742783178 142 204 2.0
 142 205 1.7320508075688772 142 206 1.7320508075688772 142 207 2.23606797749979 142 208 2.0 142 209 2.8284271247461903 142 210 2.23606797749979 142 211 2.449489742783178 142 212 1.4142135623730951 142 213 2.0 142 214 2.23606797749979 142 215 4.69041575982343
 142 216 2.449489742783178 142 217 3.605551275463989 142 218 3.0 142 219 2.23606797749979 142 220 4.898979485566356 142 221 3.1622776601683795 142 222 2.8284271247461903 142 223 1.7320508075688772 142 224 2.6457513110645907 142 225 2.0 142 226 1.0
 142 227 1.7320508075688772 142 228 2.8284271247461903 142 229 3.7416573867739413 142 230 3.4641016151377544 142 231 2.6457513110645907 142 232 3.4641016151377544 142 233 3.4641016151377544 142 234 1.7320508075688772 142 235 3.1622776601683795 142 236 1.0 142 237 2.8284271247461903
 142 238 2.8284271247461903 142 239 2.449489742783178 142 240 2.449489742783178 142 241 2.23606797749979 142 242 3.0 142 243 2.23606797749979 142 244 3.3166247903554 142 245 2.23606797749979 142 246 2.449489742783178 142 247 2.23606797749979 142 248 2.6457513110645907
 142 249 4.242640687119285 142 250 2.6457513110645907 142 251 2.0 142 252 2.449489742783178 142 253 3.0 142 254 2.23606797749979 142 255 2.23606797749979 142 256 3.4641016151377544 142 257 2.23606797749979 142 258 1.0 142 259 4.795831523312719
 142 260 3.4641016151377544 142 261 3.0 142 262 2.6457513110645907 142 263 1.7320508075688772 142 264 3.3166247903554 142 265 2.449489742783178 142 266 3.0 142 267 1.7320508075688772 142 268 2.449489742783178 142 269 2.23606797749979 142 270 2.6457513110645907
 142 271 2.23606797749979 142 272 3.3166247903554 142 273 3.605551275463989 142 274 3.605551275463989 142 275 3.1622776601683795 142 276 3.0 142 277 2.6457513110645907 142 278 2.8284271247461903 142 279 1.7320508075688772 142 280 2.0 143 144 3.0
 143 145 2.0 143 146 2.8284271247461903 143 147 2.449489742783178 143 148 3.3166247903554 143 149 4.898979485566356 143 150 2.6457513110645907 143 151 2.6457513110645907 143 152 3.7416573867739413 143 153 3.872983346207417 143 154 2.8284271247461903 143 155 3.605551275463989
 143 156 2.23606797749979 143 157 2.449489742783178 143 158 4.0 143 159 3.0 143 160 4.358898943540674 143 161 2.449489742783178 143 162 2.6457513110645907 143 163 2.449489742783178 143 164 2.8284271247461903 143 165 3.1622776601683795 143 166 2.6457513110645907
 143 167 3.4641016151377544 143 168 2.6457513110645907 143 169 2.449489742783178 143 170 2.8284271247461903 143 171 2.23606797749979 143 172 3.3166247903554 143 173 2.23606797749979 143 174 4.47213595499958 143 175 3.3166247903554 143 176 3.605551275463989 143 177 2.8284271247461903
 143 178 4.242640687119285 143 179 3.3166247903554 143 180 4.795831523312719 143 181 2.449489742783178 143 182 3.0 143 183 6.4031242374328485 143 184 3.872983346207417 143 185 3.1622776601683795 143 186 3.1622776601683795 143 187 2.6457513110645907 143 188 2.6457513110645907
 143 189 3.1622776601683795 143 190 7.14142842854285 143 191 3.4641016151377544 143 192 4.358898943540674 143 193 3.605551275463989 143 194 2.449489742783178 143 195 2.0 143 196 2.6457513110645907 143 197 2.0 143 198 2.6457513110645907 143 199 3.3166247903554
 143 200 2.449489742783178 143 201 3.1622776601683795 143 202 3.7416573867739413 143 203 3.0 143 204 2.23606797749979 143 205 2.0 143 206 2.449489742783178 143 207 2.449489742783178 143 208 2.6457513110645907 143 209 3.0 143 210 2.8284271247461903
 143 211 2.6457513110645907 143 212 2.23606797749979 143 213 2.23606797749979 143 214 2.8284271247461903 143 215 4.795831523312719 143 216 2.6457513110645907 143 217 3.7416573867739413 143 218 3.1622776601683795 143 219 2.449489742783178 143 220 5.196152422706632 143 221 3.0
 143 222 3.0 143 223 2.0 143 224 3.4641016151377544 143 225 2.6457513110645907 143 226 2.449489742783178 143 227 2.449489742783178 143 228 3.0 143 229 3.872983346207417 143 230 3.605551275463989 143 231 2.8284271247461903 143 232 3.872983346207417
 143 233 3.605551275463989 143 234 2.8284271247461903 143 235 3.3166247903554 143 236 2.449489742783178 143 237 3.0 143 238 3.0 143 239 3.0 143 240 2.6457513110645907 143 241 2.449489742783178 143 242 3.1622776601683795 143 243 2.449489742783178
 143 244 3.4641016151377544 143 245 2.8284271247461903 143 246 3.0 143 247 2.449489742783178 143 248 2.8284271247461903 143 249 4.358898943540674 143 250 2.8284271247461903 143 251 2.23606797749979 143 252 2.6457513110645907 143 253 3.4641016151377544 143 254 2.449489742783178
 143 255 2.449489742783178 143 256 3.605551275463989 143 257 2.8284271247461903 143 258 2.449489742783178 143 259 5.0990195135927845 143 260 3.605551275463989 143 261 3.4641016151377544 143 262 2.8284271247461903 143 263 2.0 143 264 3.7416573867739413 143 265 3.3166247903554
 143 266 3.1622776601683795 143 267 2.449489742783178 143 268 3.0 143 269 2.449489742783178 143 270 2.8284271247461903 143 271 2.449489742783178 143 272 3.7416573867739413 143 273 3.7416573867739413 143 274 3.7416573867739413 143 275 3.3166247903554 143 276 3.1622776601683795
 143 277 2.8284271247461903 143 278 3.3166247903554 143 279 2.449489742783178 143 280 2.6457513110645907 144 145 2.6457513110645907 144 146 3.0 144 147 2.6457513110645907 144 148 3.4641016151377544 144 149 4.58257569495584 144 150 3.1622776601683795 144 151 2.0
 144 152 3.872983346207417 144 153 4.242640687119285 144 154 3.605551275463989 144 155 4.242640687119285 144 156 2.8284271247461903 144 157 2.6457513110645907 144 158 3.872983346207417 144 159 3.1622776601683795 144 160 4.69041575982343 144 161 2.6457513110645907 144 162 2.8284271247461903
 144 163 3.0 144 164 3.3166247903554 144 165 3.605551275463989 144 166 3.1622776601683795 144 167 3.605551275463989 144 168 3.1622776601683795 144 169 3.0 144 170 3.3166247903554 144 171 2.8284271247461903 144 172 3.7416573867739413 144 173 2.8284271247461903
 144 174 4.123105625617661 144 175 4.0 144 176 3.7416573867739413 144 177 3.3166247903554 144 178 4.358898943540674 144 179 3.7416573867739413 144 180 4.898979485566356 144 181 3.0 144 182 3.4641016151377544 144 183 6.48074069840786 144 184 3.7416573867739413
 144 185 3.0 144 186 3.872983346207417 144 187 3.4641016151377544 144 188 2.8284271247461903 144 189 3.605551275463989 144 190 7.745966692414834 144 191 3.872983346207417 144 192 4.69041575982343 144 193 3.7416573867739413 144 194 3.0 144 195 2.6457513110645907
 144 196 2.8284271247461903 144 197 2.6457513110645907 144 198 3.1622776601683795 144 199 3.4641016151377544 144 200 2.6457513110645907 144 201 3.605551275463989 144 202 4.123105625617661 144 203 2.8284271247461903 144 204 2.8284271247461903 144 205 2.6457513110645907 144 206 2.6457513110645907
 144 207 3.0 144 208 2.8284271247461903 144 209 3.4641016151377544 144 210 3.0 144 211 3.1622776601683795 144 212 2.449489742783178 144 213 2.8284271247461903 144 214 3.0 144 215 4.898979485566356 144 216 3.1622776601683795 144 217 3.3166247903554
 144 218 3.3166247903554 144 219 3.0 144 220 5.0990195135927845 144 221 3.7416573867739413 144 222 3.4641016151377544 144 223 2.6457513110645907 144 224 3.3166247903554 144 225 3.1622776601683795 144 226 2.23606797749979 144 227 2.6457513110645907 144 228 3.1622776601683795
 144 229 4.0 144 230 3.7416573867739413 144 231 3.0 144 232 4.242640687119285 144 233 3.4641016151377544 144 234 3.0 144 235 3.4641016151377544 144 236 2.6457513110645907 144 237 3.4641016151377544 144 238 3.1622776601683795 144 239 2.8284271247461903
 144 240 2.8284271247461903 144 241 3.0 144 242 3.0 144 243 2.6457513110645907 144 244 3.605551275463989 144 245 3.0 144 246 3.1622776601683795 144 247 3.0 144 248 3.0 144 249 4.69041575982343 144 250 3.0
 144 251 2.8284271247461903 144 252 2.8284271247461903 144 253 3.872983346207417 144 254 2.6457513110645907 144 255 2.6457513110645907 144 256 4.0 144 257 3.3166247903554 144 258 2.6457513110645907 144 259 5.196152422706632 144 260 3.7416573867739413 144 261 3.3166247903554
 144 262 3.3166247903554 144 263 2.6457513110645907 144 264 4.123105625617661 144 265 3.4641016151377544 144 266 3.605551275463989 144 267 3.0 144 268 3.4641016151377544 144 269 3.0 144 270 3.0 144 271 3.0 144 272 3.872983346207417
 144 273 3.872983346207417 144 274 3.872983346207417 144 275 3.7416573867739413 144 276 3.3166247903554 144 277 3.0 144 278 3.1622776601683795 144 279 2.23606797749979 144 280 2.8284271247461903 145 146 2.449489742783178 145 147 2.0 145 148 3.0
 145 149 4.69041575982343 145 150 1.7320508075688772 145 151 2.23606797749979 145 152 3.4641016151377544 145 153 3.605551275463989 145 154 2.0 145 155 3.3166247903554 145 156 1.0 145 157 2.0 145 158 4.0 145 159 3.0
 145 160 4.123105625617661 145 161 2.0 145 162 2.23606797749979 145 163 1.4142135623730951 145 164 2.8284271247461903 145 165 2.449489742783178 145 166 2.23606797749979 145 167 3.1622776601683795 145 168 2.23606797749979 145 169 2.0 145 170 2.0
 145 171 1.0 145 172 3.0 145 173 1.7320508075688772 145 174 4.242640687119285 145 175 3.0 145 176 3.0 145 177 2.0 145 178 4.0 145 179 3.0 145 180 4.58257569495584 145 181 1.4142135623730951
 145 182 2.23606797749979 145 183 6.244997998398398 145 184 3.605551275463989 145 185 2.8284271247461903 145 186 3.1622776601683795 145 187 2.6457513110645907 145 188 2.23606797749979 145 189 2.8284271247461903 145 190 7.0 145 191 3.1622776601683795 145 192 3.872983346207417
 145 193 3.3166247903554 145 194 1.4142135623730951 145 195 0.0 145 196 2.23606797749979 145 197 1.4142135623730951 145 198 2.23606797749979 145 199 3.0 145 200 2.0 145 201 2.8284271247461903 145 202 3.4641016151377544 145 203 2.23606797749979
 145 204 2.23606797749979 145 205 2.0 145 206 2.0 145 207 2.0 145 208 1.7320508075688772 145 209 2.6457513110645907 145 210 2.449489742783178 145 211 1.7320508075688772 145 212 1.7320508075688772 145 213 1.7320508075688772 145 214 2.0
 145 215 4.58257569495584 145 216 2.23606797749979 145 217 3.4641016151377544 145 218 2.8284271247461903 145 219 1.4142135623730951 145 220 5.0 145 221 3.0 145 222 2.6457513110645907 145 223 2.0 145 224 3.1622776601683795 145 225 2.23606797749979
 145 226 2.0 145 227 2.0 145 228 2.6457513110645907 145 229 3.3166247903554 145 230 3.3166247903554 145 231 2.449489742783178 145 232 3.605551275463989 145 233 3.3166247903554 145 234 2.449489742783178 145 235 3.0 145 236 1.4142135623730951
 145 237 2.6457513110645907 145 238 2.6457513110645907 145 239 2.6457513110645907 145 240 2.23606797749979 145 241 2.449489742783178 145 242 2.8284271247461903 145 243 2.0 145 244 3.1622776601683795 145 245 2.0 145 246 2.23606797749979 145 247 1.4142135623730951
 145 248 2.449489742783178 145 249 4.123105625617661 145 250 2.449489742783178 145 251 1.0 145 252 2.23606797749979 145 253 3.1622776601683795 145 254 2.0 145 255 2.0 145 256 3.3166247903554 145 257 2.449489742783178 145 258 2.0
 145 259 4.898979485566356 145 260 3.0 145 261 3.1622776601683795 145 262 2.0 145 263 1.4142135623730951 145 264 3.1622776601683795 145 265 3.0 145 266 2.449489742783178 145 267 2.0 145 268 2.6457513110645907 145 269 2.0
 145 270 2.449489742783178 145 271 1.4142135623730951 145 272 3.7416573867739413 145 273 3.4641016151377544 145 274 3.4641016151377544 145 275 3.0 145 276 2.8284271247461903 145 277 2.0 145 278 3.0 145 279 2.0 145 280 1.7320508075688772
 146 147 2.449489742783178 146 148 3.3166247903554 146 149 4.898979485566356 146 150 3.0 146 151 2.6457513110645907 146 152 3.7416573867739413 146 153 4.123105625617661 146 154 3.4641016151377544 146 155 4.123105625617661 146 156 2.6457513110645907 146 157 2.449489742783178
 146 158 4.242640687119285 146 159 3.3166247903554 146 160 4.58257569495584 146 161 2.8284271247461903 146 162 3.0 146 163 2.8284271247461903 146 164 3.1622776601683795 146 165 3.4641016151377544 146 166 3.0 146 167 3.4641016151377544 146 168 3.0
 146 169 2.8284271247461903 146 170 3.1622776601683795 146 171 2.6457513110645907 146 172 3.605551275463989 146 173 2.6457513110645907 146 174 4.47213595499958 146 175 3.872983346207417 146 176 3.605551275463989 146 177 3.1622776601683795 146 178 4.242640687119285 146 179 3.605551275463989
 146 180 5.0 146 181 2.8284271247461903 146 182 3.3166247903554 146 183 6.557438524302 146 184 4.123105625617661 146 185 3.1622776601683795 146 186 3.7416573867739413 146 187 3.3166247903554 146 188 3.0 146 189 3.4641016151377544 146 190 7.681145747868608
 146 191 3.7416573867739413 146 192 4.795831523312719 146 193 3.605551275463989 146 194 2.8284271247461903 146 195 2.449489742783178 146 196 2.6457513110645907 146 197 2.449489742783178 146 198 3.0 146 199 3.605551275463989 146 200 2.449489742783178 146 201 3.4641016151377544
 146 202 3.4641016151377544 146 203 3.0 146 204 3.0 146 205 2.8284271247461903 146 206 2.8284271247461903 146 207 2.8284271247461903 146 208 3.0 146 209 3.0 146 210 3.1622776601683795 146 211 3.0 146 212 2.6457513110645907
 146 213 2.6457513110645907 146 214 3.1622776601683795 146 215 4.795831523312719 146 216 3.0 146 217 3.7416573867739413 146 218 2.8284271247461903 146 219 2.8284271247461903 146 220 5.385164807134504 146 221 3.605551275463989 146 222 3.3166247903554 146 223 2.8284271247461903
 146 224 3.7416573867739413 146 225 3.0 146 226 2.449489742783178 146 227 2.8284271247461903 146 228 3.0 146 229 3.872983346207417 146 230 3.605551275463989 146 231 2.8284271247461903 146 232 4.358898943540674 146 233 3.605551275463989 146 234 3.1622776601683795
 146 235 3.3166247903554 146 236 2.8284271247461903 146 237 3.3166247903554 146 238 2.6457513110645907 146 239 3.0 146 240 1.7320508075688772 146 241 3.1622776601683795 146 242 3.1622776601683795 146 243 2.449489742783178 146 244 3.4641016151377544 146 245 3.1622776601683795
 146 246 3.3166247903554 146 247 2.8284271247461903 146 248 2.8284271247461903 146 249 4.58257569495584 146 250 2.8284271247461903 146 251 2.6457513110645907 146 252 2.6457513110645907 146 253 3.4641016151377544 146 254 2.449489742783178 146 255 2.449489742783178 146 256 3.872983346207417
 146 257 3.1622776601683795 146 258 2.8284271247461903 146 259 5.291502622129181 146 260 3.605551275463989 146 261 3.4641016151377544 146 262 3.1622776601683795 146 263 2.449489742783178 146 264 4.0 146 265 3.605551275463989 146 266 3.4641016151377544 146 267 2.8284271247461903
 146 268 3.0 146 269 2.449489742783178 146 270 2.8284271247461903 146 271 2.8284271247461903 146 272 4.242640687119285 146 273 4.0 146 274 3.7416573867739413 146 275 3.605551275463989 146 276 3.1622776601683795 146 277 2.8284271247461903 146 278 3.3166247903554
 146 279 2.449489742783178 146 280 3.0 147 148 2.23606797749979 147 149 4.47213595499958 147 150 2.6457513110645907 147 151 2.23606797749979 147 152 3.4641016151377544 147 153 3.872983346207417 147 154 3.1622776601683795 147 155 3.872983346207417 147 156 2.23606797749979
 147 157 0.0 147 158 4.0 147 159 3.0 147 160 4.358898943540674 147 161 2.449489742783178 147 162 2.6457513110645907 147 163 2.449489742783178 147 164 2.8284271247461903 147 165 3.1622776601683795 147 166 2.6457513110645907 147 167 3.1622776601683795
 147 168 2.6457513110645907 147 169 2.449489742783178 147 170 2.8284271247461903 147 171 2.23606797749979 147 172 3.3166247903554 147 173 2.23606797749979 147 174 4.242640687119285 147 175 3.605551275463989 147 176 3.3166247903554 147 177 2.8284271247461903 147 178 4.0
 147 179 3.3166247903554 147 180 4.58257569495584 147 181 2.449489742783178 147 182 3.0 147 183 6.4031242374328485 147 184 3.605551275463989 147 185 2.8284271247461903 147 186 3.4641016151377544 147 187 3.0 147 188 2.6457513110645907 147 189 3.1622776601683795
 147 190 7.54983443527075 147 191 3.4641016151377544 147 192 4.58257569495584 147 193 2.6457513110645907 147 194 2.449489742783178 147 195 2.0 147 196 1.0 147 197 2.0 147 198 2.6457513110645907 147 199 3.3166247903554 147 200 0.0
 147 201 2.8284271247461903 147 202 3.4641016151377544 147 203 2.6457513110645907 147 204 2.6457513110645907 147 205 2.0 147 206 2.449489742783178 147 207 2.449489742783178 147 208 2.23606797749979 147 209 2.6457513110645907 147 210 2.0 147 211 2.6457513110645907
 147 212 2.23606797749979 147 213 2.23606797749979 147 214 2.8284271247461903 147 215 4.58257569495584 147 216 2.6457513110645907 147 217 3.1622776601683795 147 218 2.8284271247461903 147 219 2.449489742783178 147 220 5.0 147 221 3.0 147 222 3.0
 147 223 2.449489742783178 147 224 3.4641016151377544 147 225 2.6457513110645907 147 226 2.0 147 227 2.449489742783178 147 228 2.23606797749979 147 229 3.872983346207417 147 230 2.6457513110645907 147 231 2.0 147 232 4.123105625617661 147 233 3.3166247903554
 147 234 2.8284271247461903 147 235 2.6457513110645907 147 236 2.449489742783178 147 237 3.0 147 238 2.23606797749979 147 239 2.6457513110645907 147 240 2.23606797749979 147 241 2.8284271247461903 147 242 2.8284271247461903 147 243 2.0 147 244 2.449489742783178
 147 245 2.8284271247461903 147 246 3.0 147 247 2.449489742783178 147 248 2.449489742783178 147 249 4.358898943540674 147 250 2.449489742783178 147 251 2.23606797749979 147 252 2.23606797749979 147 253 3.4641016151377544 147 254 2.0 147 255 0.0
 147 256 3.0 147 257 2.8284271247461903 147 258 2.449489742783178 147 259 5.0990195135927845 147 260 3.0 147 261 3.1622776601683795 147 262 2.8284271247461903 147 263 2.0 147 264 3.7416573867739413 147 265 3.0 147 266 3.1622776601683795
 147 267 2.449489742783178 147 268 3.0 147 269 2.449489742783178 147 270 2.0 147 271 2.449489742783178 147 272 4.0 147 273 3.7416573867739413 147 274 3.1622776601683795 147 275 3.3166247903554 147 276 2.449489742783178 147 277 2.449489742783178
 147 278 3.0 147 279 2.0 147 280 2.23606797749979 148 149 5.0 148 150 3.4641016151377544 148 151 3.1622776601683795 148 152 4.123105625617661 148 153 4.47213595499958 148 154 3.872983346207417 148 155 4.47213595499958 148 156 3.1622776601683795
 148 157 2.23606797749979 148 158 4.58257569495584 148 159 3.7416573867739413 148 160 4.898979485566356 148 161 3.3166247903554 148 162 3.4641016151377544 148 163 3.3166247903554 148 164 3.605551275463989 148 165 3.872983346207417 148 166 3.4641016151377544 148 167 3.872983346207417
 148 168 3.4641016151377544 148 169 3.3166247903554 148 170 3.605551275463989 148 171 3.1622776601683795 148 172 4.0 148 173 3.1622776601683795 148 174 4.795831523312719 148 175 4.242640687119285 148 176 4.0 148 177 3.605551275463989 148 178 4.58257569495584
 148 179 4.0 148 180 5.0990195135927845 148 181 3.3166247903554 148 182 3.7416573867739413 148 183 6.782329983125268 148 184 4.242640687119285 148 185 3.605551275463989 148 186 4.123105625617661 148 187 3.7416573867739413 148 188 3.4641016151377544 148 189 3.872983346207417
 148 190 7.874007874011811 148 191 4.123105625617661 148 192 5.0990195135927845 148 193 3.4641016151377544 148 194 3.3166247903554 148 195 3.0 148 196 2.449489742783178 148 197 3.0 148 198 3.4641016151377544 148 199 3.7416573867739413 148 200 2.23606797749979
 148 201 3.605551275463989 148 202 4.123105625617661 148 203 3.4641016151377544 148 204 3.4641016151377544 148 205 3.0 148 206 3.3166247903554 148 207 3.3166247903554 148 208 3.1622776601683795 148 209 3.4641016151377544 148 210 3.0 148 211 3.4641016151377544
 148 212 3.1622776601683795 148 213 3.1622776601683795 148 214 3.605551275463989 148 215 5.0990195135927845 148 216 3.4641016151377544 148 217 3.872983346207417 148 218 3.3166247903554 148 219 3.3166247903554 148 220 5.477225575051661 148 221 3.7416573867739413 148 222 3.7416573867739413
 148 223 3.3166247903554 148 224 4.123105625617661 148 225 3.4641016151377544 148 226 3.0 148 227 3.3166247903554 148 228 3.1622776601683795 148 229 4.47213595499958 148 230 3.4641016151377544 148 231 3.0 148 232 4.69041575982343 148 233 4.0
 148 234 3.605551275463989 148 235 3.4641016151377544 148 236 3.3166247903554 148 237 3.7416573867739413 148 238 3.1622776601683795 148 239 3.4641016151377544 148 240 3.1622776601683795 148 241 3.605551275463989 148 242 3.605551275463989 148 243 3.0 148 244 3.0
 148 245 3.605551275463989 148 246 3.7416573867739413 148 247 3.3166247903554 148 248 3.3166247903554 148 249 4.898979485566356 148 250 3.3166247903554 148 251 3.1622776601683795 148 252 3.1622776601683795 148 253 4.123105625617661 148 254 3.0 148 255 2.23606797749979
 148 256 3.7416573867739413 148 257 3.605551275463989 148 258 3.3166247903554 148 259 5.5677643628300215 148 260 3.7416573867739413 148 261 3.872983346207417 148 262 3.605551275463989 148 263 3.0 148 264 4.358898943540674 148 265 3.7416573867739413 148 266 3.872983346207417
 148 267 3.3166247903554 148 268 3.7416573867739413 148 269 3.3166247903554 148 270 3.0 148 271 3.3166247903554 148 272 4.58257569495584 148 273 4.123105625617661 148 274 3.872983346207417 148 275 4.0 148 276 3.3166247903554 148 277 3.3166247903554
 148 278 3.7416573867739413 148 279 3.0 148 280 3.1622776601683795 149 150 5.0 149 151 4.358898943540674 149 152 5.477225575051661 149 153 5.744562646538029 149 154 5.0990195135927845 149 155 5.744562646538029 149 156 4.795831523312719 149 157 4.47213595499958
 149 158 5.291502622129181 149 159 5.0 149 160 6.082762530298219 149 161 4.69041575982343 149 162 4.795831523312719 149 163 4.898979485566356 149 164 5.0990195135927845 149 165 5.291502622129181 149 166 5.0 149 167 5.291502622129181 149 168 5.0
 149 169 4.898979485566356 149 170 5.0990195135927845 149 171 4.795831523312719 149 172 5.385164807134504 149 173 4.795831523312719 149 174 5.477225575051661 149 175 5.5677643628300215 149 176 5.385164807134504 149 177 5.0990195135927845 149 178 5.656854249492381 149 179 5.385164807134504
 149 180 6.082762530298219 149 181 4.898979485566356 149 182 5.196152422706632 149 183 7.54983443527075 149 184 5.5677643628300215 149 185 5.0990195135927845 149 186 5.477225575051661 149 187 5.196152422706632 149 188 4.795831523312719 149 189 5.291502622129181 149 190 8.660254037844387
 149 191 5.477225575051661 149 192 6.082762530298219 149 193 5.385164807134504 149 194 4.898979485566356 149 195 4.69041575982343 149 196 4.58257569495584 149 197 4.69041575982343 149 198 5.0 149 199 5.196152422706632 149 200 4.47213595499958 149 201 5.291502622129181
 149 202 5.656854249492381 149 203 4.795831523312719 149 204 4.795831523312719 149 205 4.69041575982343 149 206 4.69041575982343 149 207 4.898979485566356 149 208 4.795831523312719 149 209 5.196152422706632 149 210 4.69041575982343 149 211 5.0 149 212 4.58257569495584
 149 213 4.795831523312719 149 214 4.898979485566356 149 215 6.082762530298219 149 216 5.0 149 217 5.0990195135927845 149 218 5.0990195135927845 149 219 4.898979485566356 149 220 6.4031242374328485 149 221 5.196152422706632 149 222 5.196152422706632 149 223 4.69041575982343
 149 224 5.0990195135927845 149 225 5.0 149 226 4.47213595499958 149 227 4.69041575982343 149 228 4.795831523312719 149 229 5.385164807134504 149 230 5.196152422706632 149 231 4.69041575982343 149 232 5.744562646538029 149 233 5.196152422706632 149 234 4.898979485566356
 149 235 5.0 149 236 4.69041575982343 149 237 5.196152422706632 149 238 4.795831523312719 149 239 4.795831523312719 149 240 4.795831523312719 149 241 4.898979485566356 149 242 4.898979485566356 149 243 4.69041575982343 149 244 5.0990195135927845 149 245 4.898979485566356
 149 246 5.0 149 247 4.898979485566356 149 248 4.898979485566356 149 249 6.082762530298219 149 250 4.898979485566356 149 251 4.795831523312719 149 252 4.795831523312719 149 253 5.477225575051661 149 254 4.69041575982343 149 255 4.47213595499958 149 256 5.385164807134504
 149 257 5.0990195135927845 149 258 4.69041575982343 149 259 6.48074069840786 149 260 5.385164807134504 149 261 5.0990195135927845 149 262 5.0990195135927845 149 263 4.69041575982343 149 264 5.656854249492381 149 265 5.196152422706632 149 266 5.291502622129181 149 267 4.898979485566356
 149 268 5.196152422706632 149 269 4.898979485566356 149 270 4.69041575982343 149 271 4.898979485566356 149 272 5.656854249492381 149 273 5.477225575051661 149 274 5.0990195135927845 149 275 5.385164807134504 149 276 4.898979485566356 149 277 4.898979485566356 149 278 5.0
 149 279 4.47213595499958 149 280 4.58257569495584 150 151 2.8284271247461903 150 152 3.872983346207417 150 153 4.0 150 154 2.6457513110645907 150 155 3.4641016151377544 150 156 2.0 150 157 2.6457513110645907 150 158 4.358898943540674 150 159 3.4641016151377544
 150 160 4.47213595499958 150 161 2.23606797749979 150 162 2.8284271247461903 150 163 2.23606797749979 150 164 3.3166247903554 150 165 2.23606797749979 150 166 2.449489742783178 150 167 3.605551275463989 150 168 2.0 150 169 2.6457513110645907 150 170 2.6457513110645907
 150 171 1.4142135623730951 150 172 3.1622776601683795 150 173 2.449489742783178 150 174 4.58257569495584 150 175 3.4641016151377544 150 176 3.4641016151377544 150 177 2.23606797749979 150 178 4.358898943540674 150 179 3.1622776601683795 150 180 4.898979485566356 150 181 2.23606797749979
 150 182 2.8284271247461903 150 183 6.324555320336759 150 184 4.0 150 185 3.3166247903554 150 186 3.605551275463989 150 187 3.1622776601683795 150 188 2.449489742783178 150 189 3.3166247903554 150 190 7.211102550927978 150 191 3.3166247903554 150 192 3.1622776601683795
 150 193 3.7416573867739413 150 194 1.7320508075688772 150 195 1.7320508075688772 150 196 2.8284271247461903 150 197 1.7320508075688772 150 198 2.449489742783178 150 199 3.1622776601683795 150 200 2.6457513110645907 150 201 3.0 150 202 3.872983346207417 150 203 2.449489742783178
 150 204 2.8284271247461903 150 205 2.6457513110645907 150 206 2.23606797749979 150 207 2.6457513110645907 150 208 2.449489742783178 150 209 2.8284271247461903 150 210 3.0 150 211 2.449489742783178 150 212 2.0 150 213 2.449489742783178 150 214 2.23606797749979
 150 215 4.898979485566356 150 216 2.8284271247461903 150 217 3.605551275463989 150 218 3.3166247903554 150 219 2.23606797749979 150 220 5.291502622129181 150 221 3.4641016151377544 150 222 2.8284271247461903 150 223 2.6457513110645907 150 224 3.0 150 225 1.4142135623730951
 150 226 2.23606797749979 150 227 2.6457513110645907 150 228 3.1622776601683795 150 229 3.7416573867739413 150 230 3.7416573867739413 150 231 3.0 150 232 3.7416573867739413 150 233 3.7416573867739413 150 234 2.23606797749979 150 235 3.4641016151377544 150 236 1.7320508075688772
 150 237 3.1622776601683795 150 238 3.1622776601683795 150 239 3.1622776601683795 150 240 2.8284271247461903 150 241 3.0 150 242 3.3166247903554 150 243 2.6457513110645907 150 244 3.605551275463989 150 245 2.6457513110645907 150 246 2.449489742783178 150 247 1.7320508075688772
 150 248 3.0 150 249 4.242640687119285 150 250 3.0 150 251 1.4142135623730951 150 252 2.8284271247461903 150 253 2.6457513110645907 150 254 2.6457513110645907 150 255 2.6457513110645907 150 256 3.7416573867739413 150 257 2.23606797749979 150 258 2.23606797749979
 150 259 5.0 150 260 3.4641016151377544 150 261 3.605551275463989 150 262 2.23606797749979 150 263 2.23606797749979 150 264 2.6457513110645907 150 265 3.1622776601683795 150 266 3.0 150 267 1.7320508075688772 150 268 2.449489742783178 150 269 2.23606797749979
 150 270 3.0 150 271 2.23606797749979 150 272 3.872983346207417 150 273 3.872983346207417 150 274 3.872983346207417 150 275 3.1622776601683795 150 276 3.3166247903554 150 277 2.6457513110645907 150 278 3.4641016151377544 150 279 2.6457513110645907 150 280 2.449489742783178
 151 152 3.605551275463989 151 153 4.0 151 154 3.3166247903554 151 155 4.0 151 156 2.449489742783178 151 157 2.23606797749979 151 158 3.605551275463989 151 159 2.8284271247461903 151 160 4.47213595499958 151 161 2.23606797749979 151 162 2.449489742783178
 151 163 2.6457513110645907 151 164 3.0 151 165 3.3166247903554 151 166 2.8284271247461903 151 167 3.3166247903554 151 168 2.8284271247461903 151 169 2.6457513110645907 151 170 3.0 151 171 2.449489742783178 151 172 3.4641016151377544 151 173 2.449489742783178
 151 174 3.872983346207417 151 175 3.7416573867739413 151 176 3.4641016151377544 151 177 3.0 151 178 4.123105625617661 151 179 3.4641016151377544 151 180 4.69041575982343 151 181 2.6457513110645907 151 182 3.1622776601683795 151 183 6.324555320336759 151 184 3.7416573867739413
 151 185 3.0 151 186 3.605551275463989 151 187 3.1622776601683795 151 188 2.449489742783178 151 189 3.3166247903554 151 190 7.615773105863909 151 191 3.605551275463989 151 192 4.47213595499958 151 193 3.4641016151377544 151 194 2.6457513110645907 151 195 2.23606797749979
 151 196 2.449489742783178 151 197 2.23606797749979 151 198 2.8284271247461903 151 199 3.1622776601683795 151 200 2.23606797749979 151 201 3.3166247903554 151 202 3.872983346207417 151 203 2.449489742783178 151 204 2.449489742783178 151 205 2.23606797749979 151 206 2.23606797749979
 151 207 2.6457513110645907 151 208 2.449489742783178 151 209 3.1622776601683795 151 210 2.6457513110645907 151 211 2.8284271247461903 151 212 2.0 151 213 2.449489742783178 151 214 2.6457513110645907 151 215 4.69041575982343 151 216 2.8284271247461903 151 217 3.0
 151 218 3.0 151 219 2.6457513110645907 151 220 4.898979485566356 151 221 3.4641016151377544 151 222 3.1622776601683795 151 223 2.23606797749979 151 224 3.0 151 225 2.8284271247461903 151 226 1.7320508075688772 151 227 2.23606797749979 151 228 2.8284271247461903
 151 229 3.7416573867739413 151 230 3.4641016151377544 151 231 2.6457513110645907 151 232 4.0 151 233 3.1622776601683795 151 234 2.6457513110645907 151 235 3.1622776601683795 151 236 2.23606797749979 151 237 3.1622776601683795 151 238 2.8284271247461903 151 239 2.449489742783178
 151 240 2.449489742783178 151 241 2.6457513110645907 151 242 2.6457513110645907 151 243 2.23606797749979 151 244 3.3166247903554 151 245 2.6457513110645907 151 246 2.8284271247461903 151 247 2.6457513110645907 151 248 2.6457513110645907 151 249 4.47213595499958 151 250 2.6457513110645907
 151 251 2.449489742783178 151 252 2.449489742783178 151 253 3.605551275463989 151 254 2.23606797749979 151 255 2.23606797749979 151 256 3.7416573867739413 151 257 3.0 151 258 2.23606797749979 151 259 5.0 151 260 3.4641016151377544 151 261 3.0
 151 262 3.0 151 263 2.23606797749979 151 264 3.872983346207417 151 265 3.1622776601683795 151 266 3.3166247903554 151 267 2.6457513110645907 151 268 3.1622776601683795 151 269 2.6457513110645907 151 270 2.6457513110645907 151 271 2.6457513110645907 151 272 3.872983346207417
 151 273 3.605551275463989 151 274 3.605551275463989 151 275 3.4641016151377544 151 276 3.0 151 277 2.6457513110645907 151 278 2.8284271247461903 151 279 1.7320508075688772 151 280 2.449489742783178 152 153 4.58257569495584 152 154 4.0 152 155 4.795831523312719
 152 156 3.605551275463989 152 157 3.4641016151377544 152 158 4.898979485566356 152 159 4.123105625617661 152 160 5.196152422706632 152 161 3.7416573867739413 152 162 3.872983346207417 152 163 3.7416573867739413 152 164 4.0 152 165 4.242640687119285 152 166 3.605551275463989
 152 167 4.0 152 168 3.605551275463989 152 169 3.7416573867739413 152 170 4.0 152 171 3.605551275463989 152 172 4.358898943540674 152 173 3.605551275463989 152 174 4.898979485566356 152 175 4.58257569495584 152 176 4.358898943540674 152 177 4.0
 152 178 4.898979485566356 152 179 4.358898943540674 152 180 5.385164807134504 152 181 3.7416573867739413 152 182 4.123105625617661 152 183 7.0 152 184 4.58257569495584 152 185 4.0 152 186 4.47213595499958 152 187 3.872983346207417 152 188 3.605551275463989
 152 189 4.242640687119285 152 190 8.06225774829855 152 191 4.47213595499958 152 192 5.385164807134504 152 193 4.358898943540674 152 194 3.7416573867739413 152 195 3.4641016151377544 152 196 3.605551275463989 152 197 3.4641016151377544 152 198 3.872983346207417 152 199 4.358898943540674
 152 200 3.4641016151377544 152 201 4.242640687119285 152 202 4.69041575982343 152 203 3.872983346207417 152 204 3.872983346207417 152 205 3.7416573867739413 152 206 3.7416573867739413 152 207 3.7416573867739413 152 208 3.872983346207417 152 209 4.123105625617661 152 210 4.0
 152 211 3.872983346207417 152 212 3.605551275463989 152 213 3.605551275463989 152 214 4.0 152 215 5.385164807134504 152 216 3.872983346207417 152 217 4.47213595499958 152 218 4.0 152 219 3.7416573867739413 152 220 5.916079783099616 152 221 4.358898943540674
 152 222 4.123105625617661 152 223 3.7416573867739413 152 224 4.47213595499958 152 225 3.872983346207417 152 226 3.4641016151377544 152 227 3.7416573867739413 152 228 3.872983346207417 152 229 4.795831523312719 152 230 4.358898943540674 152 231 3.7416573867739413 152 232 5.0
 152 233 4.358898943540674 152 234 4.0 152 235 4.123105625617661 152 236 3.7416573867739413 152 237 4.123105625617661 152 238 3.872983346207417 152 239 3.872983346207417 152 240 3.605551275463989 152 241 4.0 152 242 4.0 152 243 3.4641016151377544
 152 244 4.242640687119285 152 245 4.0 152 246 4.123105625617661 152 247 3.7416573867739413 152 248 3.7416573867739413 152 249 5.196152422706632 152 250 3.7416573867739413 152 251 3.605551275463989 152 252 3.605551275463989 152 253 4.47213595499958 152 254 3.4641016151377544
 152 255 3.4641016151377544 152 256 4.58257569495584 152 257 4.0 152 258 3.7416573867739413 152 259 5.830951894845301 152 260 4.358898943540674 152 261 4.242640687119285 152 262 4.0 152 263 3.4641016151377544 152 264 4.69041575982343 152 265 4.358898943540674
 152 266 4.242640687119285 152 267 3.7416573867739413 152 268 4.123105625617661 152 269 3.7416573867739413 152 270 3.7416573867739413 152 271 3.7416573867739413 152 272 4.898979485566356 152 273 4.69041575982343 152 274 4.47213595499958 152 275 4.358898943540674 152 276 4.0
 152 277 3.7416573867739413 152 278 4.123105625617661 152 279 3.4641016151377544 152 280 3.872983346207417 153 154 3.872983346207417 153 155 4.898979485566356 153 156 3.7416573867739413 153 157 3.872983346207417 153 158 5.0 153 159 4.47213595499958 153 160 5.477225575051661
 153 161 3.872983346207417 153 162 3.7416573867739413 153 163 3.872983346207417 153 164 4.358898943540674 153 165 4.358898943540674 153 166 3.7416573867739413 153 167 4.58257569495584 153 168 3.4641016151377544 153 169 3.872983346207417 153 170 4.123105625617661 153 171 3.7416573867739413
 153 172 4.47213595499958 153 173 3.7416573867739413 153 174 5.196152422706632 153 175 4.47213595499958 153 176 4.69041575982343 153 177 4.123105625617661 153 178 5.196152422706632 153 179 4.242640687119285 153 180 5.656854249492381 153 181 3.872983346207417 153 182 4.242640687119285
 153 183 7.0710678118654755 153 184 4.69041575982343 153 185 4.358898943540674 153 186 4.358898943540674 153 187 3.7416573867739413 153 188 3.4641016151377544 153 189 4.358898943540674 153 190 7.745966692414834 153 191 4.58257569495584 153 192 5.0990195135927845 153 193 4.69041575982343
 153 194 3.872983346207417 153 195 3.605551275463989 153 196 4.0 153 197 3.605551275463989 153 198 4.0 153 199 4.0 153 200 3.872983346207417 153 201 4.123105625617661 153 202 4.795831523312719 153 203 4.242640687119285 153 204 3.7416573867739413
 153 205 3.872983346207417 153 206 3.872983346207417 153 207 3.872983346207417 153 208 4.0 153 209 4.242640687119285 153 210 4.123105625617661 153 211 4.0 153 212 3.7416573867739413 153 213 3.7416573867739413 153 214 3.872983346207417 153 215 5.656854249492381
 153 216 4.0 153 217 4.795831523312719 153 218 4.358898943540674 153 219 3.872983346207417 153 220 6.164414002968976 153 221 4.242640687119285 153 222 4.242640687119285 153 223 3.872983346207417 153 224 4.58257569495584 153 225 4.0 153 226 3.872983346207417
 153 227 3.872983346207417 153 228 4.242640687119285 153 229 4.898979485566356 153 230 4.69041575982343 153 231 4.123105625617661 153 232 4.47213595499958 153 233 4.69041575982343 153 234 3.872983346207417 153 235 4.242640687119285 153 236 3.872983346207417 153 237 4.242640687119285
 153 238 4.0 153 239 4.242640687119285 153 240 4.0 153 241 4.123105625617661 153 242 4.358898943540674 153 243 3.872983346207417 153 244 4.58257569495584 153 245 4.123105625617661 153 246 4.0 153 247 3.872983346207417 153 248 4.123105625617661
 153 249 5.291502622129181 153 250 4.123105625617661 153 251 3.7416573867739413 153 252 3.7416573867739413 153 253 4.358898943540674 153 254 3.872983346207417 153 255 3.872983346207417 153 256 4.69041575982343 153 257 4.123105625617661 153 258 3.605551275463989 153 259 5.5677643628300215
 153 260 4.69041575982343 153 261 4.58257569495584 153 262 4.123105625617661 153 263 3.605551275463989 153 264 4.58257569495584 153 265 4.242640687119285 153 266 4.123105625617661 153 267 3.872983346207417 153 268 4.242640687119285 153 269 3.872983346207417 153 270 4.123105625617661
 153 271 3.872983346207417 153 272 5.0 153 273 4.795831523312719 153 274 4.795831523312719 153 275 4.242640687119285 153 276 4.123105625617661 153 277 4.123105625617661 153 278 4.47213595499958 153 279 3.872983346207417 153 280 4.0 154 155 3.872983346207417
 154 156 2.23606797749979 154 157 3.1622776601683795 154 158 4.47213595499958 154 159 3.872983346207417 154 160 4.795831523312719 154 161 2.8284271247461903 154 162 3.0 154 163 2.449489742783178 154 164 3.7416573867739413 154 165 3.1622776601683795 154 166 2.6457513110645907
 154 167 4.0 154 168 2.6457513110645907 154 169 2.8284271247461903 154 170 2.8284271247461903 154 171 2.23606797749979 154 172 3.605551275463989 154 173 2.6457513110645907 154 174 4.69041575982343 154 175 3.3166247903554 154 176 3.872983346207417 154 177 2.8284271247461903
 154 178 4.47213595499958 154 179 3.605551275463989 154 180 5.0 154 181 2.449489742783178 154 182 3.0 154 183 6.557438524302 154 184 3.872983346207417 154 185 3.7416573867739413 154 186 3.7416573867739413 154 187 3.0 154 188 2.6457513110645907
 154 189 3.4641016151377544 154 190 6.708203932499369 154 191 3.7416573867739413 154 192 4.123105625617661 154 193 4.123105625617661 154 194 2.449489742783178 154 195 2.0 154 196 3.3166247903554 154 197 2.449489742783178 154 198 3.0 154 199 3.605551275463989
 154 200 3.1622776601683795 154 201 3.4641016151377544 154 202 4.0 154 203 3.3166247903554 154 204 3.0 154 205 2.8284271247461903 154 206 2.8284271247461903 154 207 2.8284271247461903 154 208 2.6457513110645907 154 209 3.3166247903554 154 210 3.1622776601683795
 154 211 2.6457513110645907 154 212 2.6457513110645907 154 213 2.6457513110645907 154 214 2.8284271247461903 154 215 5.196152422706632 154 216 3.0 154 217 4.242640687119285 154 218 3.7416573867739413 154 219 2.449489742783178 154 220 5.5677643628300215 154 221 3.605551275463989
 154 222 3.3166247903554 154 223 2.8284271247461903 154 224 3.7416573867739413 154 225 3.0 154 226 3.1622776601683795 154 227 2.8284271247461903 154 228 3.605551275463989 154 229 3.605551275463989 154 230 4.123105625617661 154 231 3.4641016151377544 154 232 3.872983346207417
 154 233 4.123105625617661 154 234 3.1622776601683795 154 235 3.872983346207417 154 236 2.449489742783178 154 237 3.3166247903554 154 238 3.605551275463989 154 239 3.605551275463989 154 240 3.3166247903554 154 241 3.1622776601683795 154 242 3.7416573867739413 154 243 3.1622776601683795
 154 244 4.0 154 245 2.8284271247461903 154 246 3.0 154 247 2.449489742783178 154 248 3.4641016151377544 154 249 4.58257569495584 154 250 3.4641016151377544 154 251 2.23606797749979 154 252 3.3166247903554 154 253 3.7416573867739413 154 254 3.1622776601683795
 154 255 3.1622776601683795 154 256 3.872983346207417 154 257 3.1622776601683795 154 258 2.8284271247461903 154 259 5.291502622129181 154 260 3.872983346207417 154 261 4.0 154 262 2.8284271247461903 154 263 2.449489742783178 154 264 3.7416573867739413 154 265 3.605551275463989
 154 266 3.1622776601683795 154 267 2.8284271247461903 154 268 3.3166247903554 154 269 2.8284271247461903 154 270 3.4641016151377544 154 271 2.449489742783178 154 272 4.0 154 273 4.242640687119285 154 274 4.242640687119285 154 275 3.605551275463989 154 276 3.7416573867739413
 154 277 3.1622776601683795 154 278 3.872983346207417 154 279 3.1622776601683795 154 280 2.6457513110645907 155 156 3.4641016151377544 155 157 3.872983346207417 155 158 5.0 155 159 4.47213595499958 155 160 4.898979485566356 155 161 3.872983346207417 155 162 3.7416573867739413
 155 163 3.605551275463989 155 164 4.358898943540674 155 165 4.123105625617661 155 166 3.7416573867739413 155 167 4.58257569495584 155 168 3.7416573867739413 155 169 3.605551275463989 155 170 3.872983346207417 155 171 3.4641016151377544 155 172 4.242640687119285 155 173 3.7416573867739413
 155 174 5.0 155 175 4.0 155 176 4.47213595499958 155 177 3.605551275463989 155 178 5.196152422706632 155 179 4.47213595499958 155 180 5.656854249492381 155 181 3.3166247903554 155 182 4.0 155 183 6.6332495807108 155 184 4.47213595499958
 155 185 4.123105625617661 155 186 4.58257569495584 155 187 4.242640687119285 155 188 4.0 155 189 4.123105625617661 155 190 7.745966692414834 155 191 4.58257569495584 155 192 4.898979485566356 155 193 4.69041575982343 155 194 3.3166247903554 155 195 3.3166247903554
 155 196 4.0 155 197 3.605551275463989 155 198 4.0 155 199 4.47213595499958 155 200 3.872983346207417 155 201 4.358898943540674 155 202 4.795831523312719 155 203 4.0 155 204 4.0 155 205 3.872983346207417 155 206 3.872983346207417
 155 207 3.872983346207417 155 208 3.7416573867739413 155 209 4.242640687119285 155 210 3.872983346207417 155 211 3.7416573867739413 155 212 3.7416573867739413 155 213 3.7416573867739413 155 214 3.872983346207417 155 215 5.656854249492381 155 216 4.0 155 217 4.795831523312719
 155 218 4.358898943540674 155 219 3.605551275463989 155 220 5.830951894845301 155 221 4.242640687119285 155 222 4.242640687119285 155 223 3.872983346207417 155 224 4.358898943540674 155 225 3.7416573867739413 155 226 3.605551275463989 155 227 3.872983346207417 155 228 4.242640687119285
 155 229 4.69041575982343 155 230 4.69041575982343 155 231 4.123105625617661 155 232 4.69041575982343 155 233 4.69041575982343 155 234 3.872983346207417 155 235 4.47213595499958 155 236 3.3166247903554 155 237 4.242640687119285 155 238 4.242640687119285 155 239 4.242640687119285
 155 240 4.0 155 241 4.123105625617661 155 242 4.358898943540674 155 243 3.872983346207417 155 244 4.58257569495584 155 245 3.872983346207417 155 246 4.0 155 247 3.605551275463989 155 248 3.872983346207417 155 249 5.291502622129181 155 250 4.123105625617661
 155 251 3.4641016151377544 155 252 4.0 155 253 4.358898943540674 155 254 3.872983346207417 155 255 3.872983346207417 155 256 4.69041575982343 155 257 3.872983346207417 155 258 3.605551275463989 155 259 5.916079783099616 155 260 4.47213595499958 155 261 4.58257569495584
 155 262 3.872983346207417 155 263 3.3166247903554 155 264 4.358898943540674 155 265 4.242640687119285 155 266 4.123105625617661 155 267 3.605551275463989 155 268 4.0 155 269 3.872983346207417 155 270 4.123105625617661 155 271 3.605551275463989 155 272 4.58257569495584
 155 273 4.795831523312719 155 274 4.795831523312719 155 275 4.47213595499958 155 276 4.358898943540674 155 277 3.605551275463989 155 278 4.47213595499958 155 279 3.872983346207417 155 280 3.7416573867739413 156 157 2.23606797749979 156 158 4.123105625617661 156 159 3.1622776601683795
 156 160 4.242640687119285 156 161 2.23606797749979 156 162 2.449489742783178 156 163 1.7320508075688772 156 164 2.6457513110645907 156 165 2.6457513110645907 156 166 2.449489742783178 156 167 3.3166247903554 156 168 2.449489742783178 156 169 2.23606797749979 156 170 2.23606797749979
 156 171 1.4142135623730951 156 172 3.1622776601683795 156 173 1.4142135623730951 156 174 4.358898943540674 156 175 3.1622776601683795 156 176 3.1622776601683795 156 177 2.23606797749979 156 178 4.123105625617661 156 179 3.1622776601683795 156 180 4.69041575982343 156 181 1.7320508075688772
 156 182 2.449489742783178 156 183 6.324555320336759 156 184 3.7416573867739413 156 185 3.0 156 186 3.3166247903554 156 187 2.8284271247461903 156 188 2.449489742783178 156 189 3.0 156 190 7.0710678118654755 156 191 3.3166247903554 156 192 4.0
 156 193 3.4641016151377544 156 194 1.7320508075688772 156 195 1.0 156 196 2.449489742783178 156 197 1.7320508075688772 156 198 2.449489742783178 156 199 3.1622776601683795 156 200 2.23606797749979 156 201 3.0 156 202 3.605551275463989 156 203 2.449489742783178
 156 204 2.449489742783178 156 205 2.23606797749979 156 206 2.23606797749979 156 207 2.23606797749979 156 208 2.0 156 209 2.8284271247461903 156 210 2.6457513110645907 156 211 2.0 156 212 2.0 156 213 2.0 156 214 2.23606797749979
 156 215 4.69041575982343 156 216 2.449489742783178 156 217 3.605551275463989 156 218 3.0 156 219 1.7320508075688772 156 220 5.0990195135927845 156 221 3.1622776601683795 156 222 2.8284271247461903 156 223 2.23606797749979 156 224 3.3166247903554 156 225 2.449489742783178
 156 226 2.23606797749979 156 227 2.23606797749979 156 228 2.8284271247461903 156 229 3.4641016151377544 156 230 3.4641016151377544 156 231 2.6457513110645907 156 232 3.7416573867739413 156 233 3.4641016151377544 156 234 2.6457513110645907 156 235 3.1622776601683795 156 236 1.7320508075688772
 156 237 2.8284271247461903 156 238 2.8284271247461903 156 239 2.8284271247461903 156 240 2.449489742783178 156 241 2.6457513110645907 156 242 3.0 156 243 2.23606797749979 156 244 3.3166247903554 156 245 2.23606797749979 156 246 2.449489742783178 156 247 1.7320508075688772
 156 248 2.6457513110645907 156 249 4.242640687119285 156 250 2.6457513110645907 156 251 1.4142135623730951 156 252 2.449489742783178 156 253 3.3166247903554 156 254 2.23606797749979 156 255 2.23606797749979 156 256 3.4641016151377544 156 257 2.6457513110645907 156 258 2.23606797749979
 156 259 5.0 156 260 3.1622776601683795 156 261 3.3166247903554 156 262 2.23606797749979 156 263 1.7320508075688772 156 264 3.3166247903554 156 265 3.1622776601683795 156 266 2.6457513110645907 156 267 2.23606797749979 156 268 2.8284271247461903 156 269 2.23606797749979
 156 270 2.6457513110645907 156 271 1.7320508075688772 156 272 3.872983346207417 156 273 3.605551275463989 156 274 3.605551275463989 156 275 3.1622776601683795 156 276 3.0 156 277 2.23606797749979 156 278 3.1622776601683795 156 279 2.23606797749979 156 280 2.0
 157 158 4.0 157 159 3.0 157 160 4.358898943540674 157 161 2.449489742783178 157 162 2.6457513110645907 157 163 2.449489742783178 157 164 2.8284271247461903 157 165 3.1622776601683795 157 166 2.6457513110645907 157 167 3.1622776601683795 157 168 2.6457513110645907
 157 169 2.449489742783178 157 170 2.8284271247461903 157 171 2.23606797749979 157 172 3.3166247903554 157 173 2.23606797749979 157 174 4.242640687119285 157 175 3.605551275463989 157 176 3.3166247903554 157 177 2.8284271247461903 157 178 4.0 157 179 3.3166247903554
 157 180 4.58257569495584 157 181 2.449489742783178 157 182 3.0 157 183 6.4031242374328485 157 184 3.605551275463989 157 185 2.8284271247461903 157 186 3.4641016151377544 157 187 3.0 157 188 2.6457513110645907 157 189 3.1622776601683795 157 190 7.54983443527075
 157 191 3.4641016151377544 157 192 4.58257569495584 157 193 2.6457513110645907 157 194 2.449489742783178 157 195 2.0 157 196 1.0 157 197 2.0 157 198 2.6457513110645907 157 199 3.3166247903554 157 200 0.0 157 201 2.8284271247461903
 157 202 3.4641016151377544 157 203 2.6457513110645907 157 204 2.6457513110645907 157 205 2.0 157 206 2.449489742783178 157 207 2.449489742783178 157 208 2.23606797749979 157 209 2.6457513110645907 157 210 2.0 157 211 2.6457513110645907 157 212 2.23606797749979
 157 213 2.23606797749979 157 214 2.8284271247461903 157 215 4.58257569495584 157 216 2.6457513110645907 157 217 3.1622776601683795 157 218 2.8284271247461903 157 219 2.449489742783178 157 220 5.0 157 221 3.0 157 222 3.0 157 223 2.449489742783178
 157 224 3.4641016151377544 157 225 2.6457513110645907 157 226 2.0 157 227 2.449489742783178 157 228 2.23606797749979 157 229 3.872983346207417 157 230 2.6457513110645907 157 231 2.0 157 232 4.123105625617661 157 233 3.3166247903554 157 234 2.8284271247461903
 157 235 2.6457513110645907 157 236 2.449489742783178 157 237 3.0 157 238 2.23606797749979 157 239 2.6457513110645907 157 240 2.23606797749979 157 241 2.8284271247461903 157 242 2.8284271247461903 157 243 2.0 157 244 2.449489742783178 157 245 2.8284271247461903
 157 246 3.0 157 247 2.449489742783178 157 248 2.449489742783178 157 249 4.358898943540674 157 250 2.449489742783178 157 251 2.23606797749979 157 252 2.23606797749979 157 253 3.4641016151377544 157 254 2.0 157 255 0.0 157 256 3.0
 157 257 2.8284271247461903 157 258 2.449489742783178 157 259 5.0990195135927845 157 260 3.0 157 261 3.1622776601683795 157 262 2.8284271247461903 157 263 2.0 157 264 3.7416573867739413 157 265 3.0 157 266 3.1622776601683795 157 267 2.449489742783178
 157 268 3.0 157 269 2.449489742783178 157 270 2.0 157 271 2.449489742783178 157 272 4.0 157 273 3.7416573867739413 157 274 3.1622776601683795 157 275 3.3166247903554 157 276 2.449489742783178 157 277 2.449489742783178 157 278 3.0
 157 279 2.0 157 280 2.23606797749979 158 159 4.123105625617661 158 160 5.196152422706632 158 161 4.0 158 162 3.605551275463989 158 163 4.242640687119285 158 164 4.242640687119285 158 165 4.69041575982343 158 166 4.123105625617661 158 167 4.69041575982343
 158 168 4.123105625617661 158 169 4.0 158 170 4.47213595499958 158 171 4.123105625617661 158 172 4.58257569495584 158 173 4.123105625617661 158 174 4.69041575982343 158 175 4.58257569495584 158 