 210 211 3.0 210 212 2.23606797749979 210 213 2.6457513110645907 210 214 2.8284271247461903 210 215 5.0 210 216 3.0 210 217 3.7416573867739413 210 218 3.4641016151377544 210 219 2.8284271247461903 210 220 5.0 210 221 3.3166247903554
 210 222 3.3166247903554 210 223 2.449489742783178 210 224 3.4641016151377544 210 225 3.0 210 226 2.449489742783178 210 227 2.449489742783178 210 228 3.0 210 229 4.123105625617661 210 230 3.3166247903554 210 231 2.8284271247461903 210 232 3.605551275463989
 210 233 3.872983346207417 210 234 2.8284271247461903 210 235 3.3166247903554 210 236 2.449489742783178 210 237 3.3166247903554 210 238 3.0 210 239 3.0 210 240 3.0 210 241 2.8284271247461903 210 242 3.4641016151377544 210 243 2.8284271247461903
 210 244 3.1622776601683795 210 245 2.8284271247461903 210 246 3.0 210 247 2.8284271247461903 210 248 3.1622776601683795 210 249 4.58257569495584 210 250 3.1622776601683795 210 251 2.6457513110645907 210 252 3.0 210 253 3.7416573867739413 210 254 2.8284271247461903
 210 255 2.0 210 256 3.3166247903554 210 257 3.1622776601683795 210 258 2.449489742783178 210 259 5.0990195135927845 210 260 3.605551275463989 210 261 3.4641016151377544 210 262 3.1622776601683795 210 263 2.0 210 264 4.0 210 265 3.0
 210 266 3.1622776601683795 210 267 2.8284271247461903 210 268 3.3166247903554 210 269 2.8284271247461903 210 270 2.8284271247461903 210 271 2.8284271247461903 210 272 3.7416573867739413 210 273 4.0 210 274 3.7416573867739413 210 275 3.605551275463989 210 276 3.1622776601683795
 210 277 2.8284271247461903 210 278 3.3166247903554 210 279 2.449489742783178 210 280 2.23606797749979 211 212 2.449489742783178 211 213 2.449489742783178 211 214 2.6457513110645907 211 215 4.898979485566356 211 216 2.8284271247461903 211 217 3.872983346207417 211 218 3.3166247903554
 211 219 2.23606797749979 211 220 5.291502622129181 211 221 3.4641016151377544 211 222 3.1622776601683795 211 223 2.6457513110645907 211 224 3.605551275463989 211 225 2.8284271247461903 211 226 2.6457513110645907 211 227 2.6457513110645907 211 228 3.1622776601683795 211 229 3.4641016151377544
 211 230 3.7416573867739413 211 231 3.0 211 232 4.0 211 233 3.7416573867739413 211 234 3.0 211 235 3.1622776601683795 211 236 2.23606797749979 211 237 3.1622776601683795 211 238 3.1622776601683795 211 239 3.1622776601683795 211 240 2.8284271247461903
 211 241 3.0 211 242 3.3166247903554 211 243 2.6457513110645907 211 244 3.605551275463989 211 245 2.6457513110645907 211 246 2.8284271247461903 211 247 2.23606797749979 211 248 3.0 211 249 4.47213595499958 211 250 3.0 211 251 2.0
 211 252 2.8284271247461903 211 253 3.605551275463989 211 254 2.6457513110645907 211 255 2.6457513110645907 211 256 3.7416573867739413 211 257 3.0 211 258 2.6457513110645907 211 259 5.196152422706632 211 260 3.4641016151377544 211 261 3.605551275463989 211 262 2.6457513110645907
 211 263 2.23606797749979 211 264 3.605551275463989 211 265 3.4641016151377544 211 266 3.0 211 267 2.6457513110645907 211 268 3.1622776601683795 211 269 2.6457513110645907 211 270 3.0 211 271 1.7320508075688772 211 272 4.123105625617661 211 273 3.872983346207417
 211 274 3.872983346207417 211 275 3.4641016151377544 211 276 3.3166247903554 211 277 2.6457513110645907 211 278 3.4641016151377544 211 279 2.6457513110645907 211 280 2.449489742783178 212 213 2.0 212 214 1.7320508075688772 212 215 4.69041575982343 212 216 2.449489742783178
 212 217 3.3166247903554 212 218 3.0 212 219 2.23606797749979 212 220 4.898979485566356 212 221 3.1622776601683795 212 222 2.449489742783178 212 223 1.7320508075688772 212 224 2.6457513110645907 212 225 2.0 212 226 1.7320508075688772 212 227 1.7320508075688772
 212 228 2.8284271247461903 212 229 3.7416573867739413 212 230 3.4641016151377544 212 231 2.6457513110645907 212 232 3.1622776601683795 212 233 3.4641016151377544 212 234 1.7320508075688772 212 235 3.1622776601683795 212 236 1.7320508075688772 212 237 2.8284271247461903 212 238 2.8284271247461903
 212 239 2.449489742783178 212 240 2.449489742783178 212 241 2.23606797749979 212 242 3.0 212 243 2.23606797749979 212 244 3.3166247903554 212 245 2.23606797749979 212 246 2.0 212 247 1.7320508075688772 212 248 2.6457513110645907 212 249 4.0
 212 250 2.6457513110645907 212 251 1.4142135623730951 212 252 2.449489742783178 212 253 3.0 212 254 2.23606797749979 212 255 2.23606797749979 212 256 3.4641016151377544 212 257 2.23606797749979 212 258 1.7320508075688772 212 259 4.58257569495584 212 260 3.4641016151377544
 212 261 3.0 212 262 2.23606797749979 212 263 1.7320508075688772 212 264 3.3166247903554 212 265 2.8284271247461903 212 266 3.0 212 267 2.23606797749979 212 268 2.8284271247461903 212 269 1.7320508075688772 212 270 2.6457513110645907 212 271 2.23606797749979
 212 272 3.605551275463989 212 273 3.605551275463989 212 274 3.605551275463989 212 275 3.1622776601683795 212 276 3.0 212 277 2.6457513110645907 212 278 2.8284271247461903 212 279 1.7320508075688772 212 280 2.0 213 214 2.6457513110645907 213 215 4.69041575982343
 213 216 2.449489742783178 213 217 3.605551275463989 213 218 3.0 213 219 2.23606797749979 213 220 5.291502622129181 213 221 3.1622776601683795 213 222 2.8284271247461903 213 223 2.23606797749979 213 224 3.3166247903554 213 225 2.449489742783178 213 226 2.23606797749979
 213 227 2.23606797749979 213 228 2.8284271247461903 213 229 3.7416573867739413 213 230 3.4641016151377544 213 231 2.6457513110645907 213 232 3.7416573867739413 213 233 3.4641016151377544 213 234 2.6457513110645907 213 235 3.1622776601683795 213 236 2.23606797749979 213 237 2.8284271247461903
 213 238 2.8284271247461903 213 239 2.8284271247461903 213 240 2.449489742783178 213 241 2.6457513110645907 213 242 3.0 213 243 1.7320508075688772 213 244 3.3166247903554 213 245 2.6457513110645907 213 246 2.449489742783178 213 247 2.23606797749979 213 248 2.6457513110645907
 213 249 4.0 213 250 2.6457513110645907 213 251 2.0 213 252 2.449489742783178 213 253 3.0 213 254 2.23606797749979 213 255 2.23606797749979 213 256 3.4641016151377544 213 257 2.6457513110645907 213 258 2.23606797749979 213 259 5.0
 213 260 3.4641016151377544 213 261 3.3166247903554 213 262 2.6457513110645907 213 263 1.7320508075688772 213 264 3.605551275463989 213 265 3.1622776601683795 213 266 3.0 213 267 2.23606797749979 213 268 2.8284271247461903 213 269 2.23606797749979 213 270 2.6457513110645907
 213 271 2.23606797749979 213 272 3.872983346207417 213 273 3.872983346207417 213 274 3.605551275463989 213 275 3.1622776601683795 213 276 3.0 213 277 2.6457513110645907 213 278 3.1622776601683795 213 279 2.23606797749979 213 280 2.449489742783178 214 215 5.0
 214 216 3.0 214 217 3.7416573867739413 214 218 3.4641016151377544 214 219 2.449489742783178 214 220 5.0 214 221 3.605551275463989 214 222 3.0 214 223 2.449489742783178 214 224 3.1622776601683795 214 225 2.6457513110645907 214 226 2.449489742783178
 214 227 2.0 214 228 3.3166247903554 214 229 3.872983346207417 214 230 3.872983346207417 214 231 3.1622776601683795 214 232 3.605551275463989 214 233 3.605551275463989 214 234 2.0 214 235 3.605551275463989 214 236 2.0 214 237 3.0
 214 238 3.0 214 239 3.0 214 240 3.0 214 241 2.8284271247461903 214 242 3.4641016151377544 214 243 2.8284271247461903 214 244 3.7416573867739413 214 245 2.449489742783178 214 246 2.23606797749979 214 247 2.0 214 248 3.1622776601683795
 214 249 4.358898943540674 214 250 3.1622776601683795 214 251 1.7320508075688772 214 252 3.0 214 253 3.4641016151377544 214 254 2.8284271247461903 214 255 2.8284271247461903 214 256 3.872983346207417 214 257 2.8284271247461903 214 258 2.449489742783178 214 259 4.898979485566356
 214 260 3.3166247903554 214 261 3.4641016151377544 214 262 2.449489742783178 214 263 2.449489742783178 214 264 2.8284271247461903 214 265 2.6457513110645907 214 266 2.449489742783178 214 267 2.8284271247461903 214 268 3.3166247903554 214 269 2.449489742783178 214 270 3.1622776601683795
 214 271 2.449489742783178 214 272 4.0 214 273 3.7416573867739413 214 274 3.7416573867739413 214 275 3.0 214 276 3.4641016151377544 214 277 2.8284271247461903 214 278 3.3166247903554 214 279 2.0 214 280 1.7320508075688772 215 216 4.898979485566356
 215 217 5.385164807134504 215 218 5.0 215 219 4.795831523312719 215 220 6.6332495807108 215 221 5.291502622129181 215 222 5.0990195135927845 215 223 4.795831523312719 215 224 5.385164807134504 215 225 4.898979485566356 215 226 4.58257569495584 215 227 4.795831523312719
 215 228 4.898979485566356 215 229 5.656854249492381 215 230 5.291502622129181 215 231 4.795831523312719 215 232 5.830951894845301 215 233 5.291502622129181 215 234 5.0 215 235 5.0990195135927845 215 236 4.795831523312719 215 237 5.0990195135927845 215 238 4.898979485566356
 215 239 4.898979485566356 215 240 4.69041575982343 215 241 5.0 215 242 5.0 215 243 4.58257569495584 215 244 5.196152422706632 215 245 5.0 215 246 5.0990195135927845 215 247 4.795831523312719 215 248 4.795831523312719 215 249 6.0
 215 250 4.795831523312719 215 251 4.69041575982343 215 252 4.69041575982343 215 253 5.385164807134504 215 254 4.58257569495584 215 255 4.58257569495584 215 256 5.477225575051661 215 257 5.0 215 258 4.795831523312719 215 259 6.557438524302 215 260 5.291502622129181
 215 261 5.196152422706632 215 262 5.0 215 263 4.58257569495584 215 264 5.5677643628300215 215 265 5.291502622129181 215 266 5.196152422706632 215 267 4.795831523312719 215 268 5.0990195135927845 215 269 4.358898943540674 215 270 4.795831523312719 215 271 4.795831523312719
 215 272 5.744562646538029 215 273 5.5677643628300215 215 274 5.196152422706632 215 275 5.291502622129181 215 276 5.0 215 277 4.795831523312719 215 278 5.0990195135927845 215 279 4.58257569495584 215 280 4.898979485566356 216 217 3.872983346207417 216 218 3.3166247903554
 216 219 2.6457513110645907 216 220 5.477225575051661 216 221 3.4641016151377544 216 222 3.1622776601683795 216 223 2.6457513110645907 216 224 3.605551275463989 216 225 2.8284271247461903 216 226 2.6457513110645907 216 227 2.6457513110645907 216 228 3.1622776601683795 216 229 4.0
 216 230 3.7416573867739413 216 231 3.0 216 232 4.0 216 233 3.7416573867739413 216 234 3.0 216 235 3.4641016151377544 216 236 2.6457513110645907 216 237 3.1622776601683795 216 238 3.1622776601683795 216 239 2.449489742783178 216 240 2.8284271247461903
 216 241 3.0 216 242 3.3166247903554 216 243 2.6457513110645907 216 244 3.605551275463989 216 245 3.0 216 246 3.1622776601683795 216 247 2.6457513110645907 216 248 3.0 216 249 4.47213595499958 216 250 3.0 216 251 2.449489742783178
 216 252 2.8284271247461903 216 253 3.605551275463989 216 254 2.6457513110645907 216 255 2.6457513110645907 216 256 3.7416573867739413 216 257 3.0 216 258 2.6457513110645907 216 259 5.196152422706632 216 260 3.7416573867739413 216 261 3.605551275463989 216 262 3.0
 216 263 2.23606797749979 216 264 3.872983346207417 216 265 3.4641016151377544 216 266 3.3166247903554 216 267 2.6457513110645907 216 268 3.1622776601683795 216 269 2.6457513110645907 216 270 3.0 216 271 2.6457513110645907 216 272 4.123105625617661 216 273 4.123105625617661
 216 274 3.872983346207417 216 275 3.4641016151377544 216 276 3.3166247903554 216 277 3.0 216 278 3.4641016151377544 216 279 2.6457513110645907 216 280 2.8284271247461903 217 218 4.0 217 219 3.7416573867739413 217 220 5.385164807134504 217 221 4.358898943540674
 217 222 3.872983346207417 217 223 3.7416573867739413 217 224 3.4641016151377544 217 225 3.3166247903554 217 226 3.4641016151377544 217 227 3.7416573867739413 217 228 3.872983346207417 217 229 4.123105625617661 217 230 4.123105625617661 217 231 3.7416573867739413 217 232 4.795831523312719
 217 233 3.0 217 234 3.7416573867739413 217 235 4.123105625617661 217 236 3.7416573867739413 217 237 4.123105625617661 217 238 3.872983346207417 217 239 3.872983346207417 217 240 3.605551275463989 217 241 4.0 217 242 3.4641016151377544 217 243 3.4641016151377544
 217 244 4.0 217 245 4.0 217 246 3.872983346207417 217 247 3.4641016151377544 217 248 3.7416573867739413 217 249 5.0 217 250 3.7416573867739413 217 251 3.3166247903554 217 252 3.605551275463989 217 253 4.242640687119285 217 254 3.4641016151377544
 217 255 3.1622776601683795 217 256 4.358898943540674 217 257 3.4641016151377544 217 258 3.7416573867739413 217 259 5.656854249492381 217 260 4.123105625617661 217 261 4.242640687119285 217 262 3.7416573867739413 217 263 3.4641016151377544 217 264 4.47213595499958 217 265 3.605551275463989
 217 266 4.242640687119285 217 267 3.7416573867739413 217 268 4.123105625617661 217 269 3.4641016151377544 217 270 3.7416573867739413 217 271 3.7416573867739413 217 272 4.898979485566356 217 273 4.69041575982343 217 274 4.47213595499958 217 275 4.358898943540674 217 276 4.0
 217 277 3.7416573867739413 217 278 4.123105625617661 217 279 3.4641016151377544 217 280 3.872983346207417 218 219 3.1622776601683795 218 220 5.5677643628300215 218 221 3.872983346207417 218 222 3.605551275463989 218 223 3.1622776601683795 218 224 4.0 218 225 3.3166247903554
 218 226 2.8284271247461903 218 227 3.1622776601683795 218 228 3.3166247903554 218 229 4.123105625617661 218 230 3.605551275463989 218 231 3.1622776601683795 218 232 4.58257569495584 218 233 3.872983346207417 218 234 3.4641016151377544 218 235 3.605551275463989 218 236 3.1622776601683795
 218 237 3.605551275463989 218 238 3.3166247903554 218 239 3.3166247903554 218 240 3.0 218 241 3.4641016151377544 218 242 3.4641016151377544 218 243 2.8284271247461903 218 244 3.7416573867739413 218 245 3.4641016151377544 218 246 3.605551275463989 218 247 2.8284271247461903
 218 248 2.8284271247461903 218 249 4.795831523312719 218 250 3.1622776601683795 218 251 3.0 218 252 3.0 218 253 3.7416573867739413 218 254 2.8284271247461903 218 255 2.8284271247461903 218 256 4.123105625617661 218 257 3.4641016151377544 218 258 3.1622776601683795
 218 259 5.477225575051661 218 260 3.872983346207417 218 261 3.7416573867739413 218 262 3.4641016151377544 218 263 2.8284271247461903 218 264 4.242640687119285 218 265 3.872983346207417 218 266 3.4641016151377544 218 267 3.1622776601683795 218 268 3.0 218 269 2.8284271247461903
 218 270 3.1622776601683795 218 271 3.1622776601683795 218 272 4.47213595499958 218 273 4.242640687119285 218 274 4.0 218 275 3.872983346207417 218 276 3.4641016151377544 218 277 3.1622776601683795 218 278 3.605551275463989 218 279 2.8284271247461903 218 280 3.3166247903554
 219 220 5.196152422706632 219 221 3.3166247903554 219 222 3.0 219 223 2.449489742783178 219 224 3.4641016151377544 219 225 2.6457513110645907 219 226 2.449489742783178 219 227 2.449489742783178 219 228 3.0 219 229 3.605551275463989 219 230 3.605551275463989
 219 231 2.8284271247461903 219 232 3.872983346207417 219 233 3.605551275463989 219 234 2.8284271247461903 219 235 3.3166247903554 219 236 2.0 219 237 3.0 219 238 3.0 219 239 3.0 219 240 2.6457513110645907 219 241 2.8284271247461903
 219 242 3.1622776601683795 219 243 2.0 219 244 3.4641016151377544 219 245 2.449489742783178 219 246 2.6457513110645907 219 247 2.0 219 248 2.8284271247461903 219 249 4.358898943540674 219 250 2.8284271247461903 219 251 1.7320508075688772 219 252 2.6457513110645907
 219 253 3.4641016151377544 219 254 2.449489742783178 219 255 2.449489742783178 219 256 3.3166247903554 219 257 2.8284271247461903 219 258 2.449489742783178 219 259 5.0990195135927845 219 260 3.3166247903554 219 261 3.4641016151377544 219 262 2.449489742783178 219 263 2.0
 219 264 3.4641016151377544 219 265 3.3166247903554 219 266 2.8284271247461903 219 267 2.449489742783178 219 268 3.0 219 269 2.449489742783178 219 270 2.8284271247461903 219 271 2.0 219 272 4.0 219 273 3.7416573867739413 219 274 3.7416573867739413
 219 275 3.3166247903554 219 276 3.1622776601683795 219 277 2.449489742783178 219 278 3.3166247903554 219 279 2.449489742783178 219 280 2.23606797749979 220 221 5.477225575051661 220 222 5.656854249492381 220 223 4.795831523312719 220 224 5.196152422706632 220 225 5.0990195135927845
 220 226 4.795831523312719 220 227 5.0 220 228 5.477225575051661 220 229 5.656854249492381 220 230 5.656854249492381 220 231 5.385164807134504 220 232 6.0 220 233 5.477225575051661 220 234 5.196152422706632 220 235 5.656854249492381 220 236 4.795831523312719
 220 237 5.656854249492381 220 238 5.477225575051661 220 239 5.0990195135927845 220 240 5.291502622129181 220 241 5.0 220 242 5.5677643628300215 220 243 5.196152422706632 220 244 5.5677643628300215 220 245 5.0 220 246 5.0990195135927845 220 247 5.196152422706632
 220 248 5.385164807134504 220 249 6.48074069840786 220 250 5.385164807134504 220 251 5.0990195135927845 220 252 5.291502622129181 220 253 5.916079783099616 220 254 5.196152422706632 220 255 5.0 220 256 5.830951894845301 220 257 5.196152422706632 220 258 5.0
 220 259 6.708203932499369 220 260 5.477225575051661 220 261 5.196152422706632 220 262 5.385164807134504 220 263 5.196152422706632 220 264 5.916079783099616 220 265 4.898979485566356 220 266 5.5677643628300215 220 267 5.385164807134504 220 268 5.656854249492381 220 269 5.385164807134504
 220 270 5.385164807134504 220 271 5.196152422706632 220 272 5.744562646538029 220 273 5.385164807134504 220 274 5.916079783099616 220 275 5.830951894845301 220 276 5.5677643628300215 220 277 5.196152422706632 220 278 5.291502622129181 220 279 4.795831523312719 220 280 4.898979485566356
 221 222 3.7416573867739413 221 223 3.0 221 224 4.123105625617661 221 225 3.4641016151377544 221 226 3.3166247903554 221 227 3.3166247903554 221 228 3.1622776601683795 221 229 4.47213595499958 221 230 3.7416573867739413 221 231 3.0 221 232 4.47213595499958
 221 233 4.242640687119285 221 234 3.605551275463989 221 235 3.1622776601683795 221 236 3.3166247903554 221 237 3.7416573867739413 221 238 3.1622776601683795 221 239 3.7416573867739413 221 240 3.4641016151377544 221 241 3.3166247903554 221 242 3.872983346207417 221 243 3.3166247903554
 221 244 3.872983346207417 221 245 3.605551275463989 221 246 3.7416573867739413 221 247 3.3166247903554 221 248 3.605551275463989 221 249 4.898979485566356 221 250 3.3166247903554 221 251 3.1622776601683795 221 252 3.4641016151377544 221 253 3.872983346207417 221 254 3.3166247903554
 221 255 3.0 221 256 4.0 221 257 3.605551275463989 221 258 3.0 221 259 5.385164807134504 221 260 4.242640687119285 221 261 4.123105625617661 221 262 3.605551275463989 221 263 3.0 221 264 4.358898943540674 221 265 4.0
 221 266 3.872983346207417 221 267 3.3166247903554 221 268 3.7416573867739413 221 269 3.3166247903554 221 270 3.3166247903554 221 271 3.3166247903554 221 272 4.358898943540674 221 273 4.123105625617661 221 274 3.605551275463989 221 275 3.7416573867739413 221 276 3.3166247903554
 221 277 3.605551275463989 221 278 4.0 221 279 3.3166247903554 221 280 3.1622776601683795 222 223 3.0 222 224 3.605551275463989 222 225 2.8284271247461903 222 226 3.0 222 227 3.0 222 228 3.4641016151377544 222 229 4.242640687119285
 222 230 4.0 222 231 3.3166247903554 222 232 4.0 222 233 4.0 222 234 2.6457513110645907 222 235 3.7416573867739413 222 236 3.0 222 237 3.4641016151377544 222 238 3.4641016151377544 222 239 3.4641016151377544 222 240 3.1622776601683795
 222 241 3.3166247903554 222 242 3.605551275463989 222 243 3.0 222 244 3.872983346207417 222 245 3.3166247903554 222 246 3.1622776601683795 222 247 2.6457513110645907 222 248 3.3166247903554 222 249 4.47213595499958 222 250 3.3166247903554 222 251 2.449489742783178
 222 252 3.1622776601683795 222 253 3.605551275463989 222 254 3.0 222 255 3.0 222 256 4.0 222 257 3.0 222 258 3.0 222 259 5.196152422706632 222 260 4.0 222 261 3.872983346207417 222 262 3.0
 222 263 2.6457513110645907 222 264 3.872983346207417 222 265 3.7416573867739413 222 266 3.605551275463989 222 267 3.0 222 268 3.4641016151377544 222 269 2.6457513110645907 222 270 3.3166247903554 222 271 3.0 222 272 4.358898943540674 222 273 4.358898943540674
 222 274 4.123105625617661 222 275 3.7416573867739413 222 276 3.605551275463989 222 277 3.3166247903554 222 278 3.7416573867739413 222 279 3.0 222 280 3.1622776601683795 223 224 3.1622776601683795 223 225 2.6457513110645907 223 226 2.0 223 227 1.4142135623730951
 223 228 3.0 223 229 3.872983346207417 223 230 3.605551275463989 223 231 2.8284271247461903 223 232 3.605551275463989 223 233 3.605551275463989 223 234 2.449489742783178 223 235 3.3166247903554 223 236 2.0 223 237 3.0 223 238 3.0
 223 239 2.6457513110645907 223 240 2.6457513110645907 223 241 2.0 223 242 3.1622776601683795 223 243 2.449489742783178 223 244 3.4641016151377544 223 245 2.0 223 246 2.6457513110645907 223 247 2.449489742783178 223 248 2.8284271247461903 223 249 4.358898943540674
 223 250 2.8284271247461903 223 251 2.23606797749979 223 252 2.6457513110645907 223 253 3.4641016151377544 223 254 2.449489742783178 223 255 2.449489742783178 223 256 3.605551275463989 223 257 2.8284271247461903 223 258 2.0 223 259 4.898979485566356 223 260 3.605551275463989
 223 261 3.1622776601683795 223 262 2.8284271247461903 223 263 2.0 223 264 3.7416573867739413 223 265 3.0 223 266 3.1622776601683795 223 267 2.0 223 268 2.6457513110645907 223 269 2.449489742783178 223 270 2.8284271247461903 223 271 2.449489742783178
 223 272 3.4641016151377544 223 273 3.4641016151377544 223 274 3.7416573867739413 223 275 3.3166247903554 223 276 3.1622776601683795 223 277 2.8284271247461903 223 278 3.0 223 279 2.0 223 280 2.23606797749979 224 225 2.6457513110645907 224 226 2.8284271247461903
 224 227 3.1622776601683795 224 228 3.872983346207417 224 229 4.123105625617661 224 230 4.358898943540674 224 231 3.7416573867739413 224 232 4.123105625617661 224 233 3.872983346207417 224 234 2.8284271247461903 224 235 4.123105625617661 224 236 2.8284271247461903 224 237 3.872983346207417
 224 238 3.872983346207417 224 239 3.605551275463989 224 240 3.605551275463989 224 241 3.4641016151377544 224 242 3.7416573867739413 224 243 3.4641016151377544 224 244 4.242640687119285 224 245 3.4641016151377544 224 246 3.3166247903554 224 247 3.1622776601683795 224 248 3.7416573867739413
 224 249 4.795831523312719 224 250 3.7416573867739413 224 251 3.0 224 252 3.605551275463989 224 253 3.7416573867739413 224 254 3.4641016151377544 224 255 3.4641016151377544 224 256 4.358898943540674 224 257 2.8284271247461903 224 258 2.8284271247461903 224 259 5.291502622129181
 224 260 4.358898943540674 224 261 4.0 224 262 3.4641016151377544 224 263 3.1622776601683795 224 264 4.0 224 265 3.3166247903554 224 266 4.0 224 267 3.1622776601683795 224 268 3.605551275463989 224 269 3.1622776601683795 224 270 3.7416573867739413
 224 271 3.4641016151377544 224 272 4.242640687119285 224 273 4.47213595499958 224 274 4.47213595499958 224 275 4.123105625617661 224 276 4.0 224 277 3.7416573867739413 224 278 3.872983346207417 224 279 3.1622776601683795 224 280 3.3166247903554 225 226 2.23606797749979
 225 227 2.6457513110645907 225 228 3.1622776601683795 225 229 3.7416573867739413 225 230 3.7416573867739413 225 231 3.0 225 232 3.7416573867739413 225 233 3.4641016151377544 225 234 2.23606797749979 225 235 3.4641016151377544 225 236 2.23606797749979 225 237 3.1622776601683795
 225 238 3.1622776601683795 225 239 3.1622776601683795 225 240 2.8284271247461903 225 241 3.0 225 242 3.3166247903554 225 243 2.6457513110645907 225 244 3.605551275463989 225 245 3.0 225 246 2.8284271247461903 225 247 2.23606797749979 225 248 3.0
 225 249 4.242640687119285 225 250 3.0 225 251 2.0 225 252 2.8284271247461903 225 253 2.6457513110645907 225 254 2.6457513110645907 225 255 2.6457513110645907 225 256 3.7416573867739413 225 257 1.7320508075688772 225 258 2.23606797749979 225 259 5.0
 225 260 3.7416573867739413 225 261 3.605551275463989 225 262 2.6457513110645907 225 263 2.23606797749979 225 264 3.0 225 265 2.8284271247461903 225 266 3.3166247903554 225 267 1.7320508075688772 225 268 2.449489742783178 225 269 2.23606797749979 225 270 3.0
 225 271 2.6457513110645907 225 272 3.872983346207417 225 273 4.123105625617661 225 274 3.872983346207417 225 275 3.1622776601683795 225 276 3.3166247903554 225 277 3.0 225 278 3.4641016151377544 225 279 2.6457513110645907 225 280 2.8284271247461903 226 227 2.0
 226 228 2.6457513110645907 226 229 3.872983346207417 226 230 3.3166247903554 226 231 2.449489742783178 226 232 3.872983346207417 226 233 3.3166247903554 226 234 2.0 226 235 3.0 226 236 1.4142135623730951 226 237 3.0 226 238 2.6457513110645907
 226 239 2.23606797749979 226 240 2.23606797749979 226 241 2.449489742783178 226 242 2.8284271247461903 226 243 2.0 226 244 3.1622776601683795 226 245 2.449489742783178 226 246 2.6457513110645907 226 247 2.449489742783178 226 248 2.449489742783178 226 249 4.358898943540674
 226 250 2.449489742783178 226 251 2.23606797749979 226 252 2.23606797749979 226 253 3.1622776601683795 226 254 2.0 226 255 2.0 226 256 3.605551275463989 226 257 2.449489742783178 226 258 1.4142135623730951 226 259 4.898979485566356 226 260 3.3166247903554
 226 261 2.8284271247461903 226 262 2.8284271247461903 226 263 2.0 226 264 3.4641016151377544 226 265 2.6457513110645907 226 266 3.1622776601683795 226 267 2.0 226 268 2.6457513110645907 226 269 2.449489742783178 226 270 2.449489742783178 226 271 2.449489742783178
 226 272 3.4641016151377544 226 273 3.4641016151377544 226 274 3.4641016151377544 226 275 3.3166247903554 226 276 2.8284271247461903 226 277 2.449489742783178 226 278 2.6457513110645907 226 279 1.4142135623730951 226 280 2.23606797749979 227 228 3.0 227 229 3.872983346207417
 227 230 3.605551275463989 227 231 2.8284271247461903 227 232 3.605551275463989 227 233 3.3166247903554 227 234 2.449489742783178 227 235 3.3166247903554 227 236 2.0 227 237 2.6457513110645907 227 238 2.6457513110645907 227 239 2.6457513110645907 227 240 2.6457513110645907
 227 241 2.449489742783178 227 242 3.1622776601683795 227 243 2.449489742783178 227 244 3.4641016151377544 227 245 2.0 227 246 2.6457513110645907 227 247 2.449489742783178 227 248 2.8284271247461903 227 249 4.358898943540674 227 250 2.8284271247461903 227 251 2.23606797749979
 227 252 2.6457513110645907 227 253 3.4641016151377544 227 254 2.449489742783178 227 255 2.449489742783178 227 256 3.605551275463989 227 257 2.8284271247461903 227 258 2.0 227 259 4.898979485566356 227 260 3.3166247903554 227 261 3.1622776601683795 227 262 2.8284271247461903
 227 263 2.0 227 264 3.4641016151377544 227 265 2.6457513110645907 227 266 2.8284271247461903 227 267 2.0 227 268 2.6457513110645907 227 269 2.449489742783178 227 270 2.8284271247461903 227 271 2.449489742783178 227 272 3.7416573867739413 227 273 3.7416573867739413
 227 274 3.4641016151377544 227 275 3.0 227 276 3.1622776601683795 227 277 2.8284271247461903 227 278 3.0 227 279 1.4142135623730951 227 280 1.7320508075688772 228 229 4.242640687119285 228 230 3.1622776601683795 228 231 2.23606797749979 228 232 4.47213595499958
 228 233 3.7416573867739413 228 234 3.3166247903554 228 235 3.1622776601683795 228 236 3.0 228 237 3.4641016151377544 228 238 2.8284271247461903 228 239 3.1622776601683795 228 240 2.8284271247461903 228 241 3.3166247903554 228 242 3.3166247903554 228 243 2.6457513110645907
 228 244 3.3166247903554 228 245 3.3166247903554 228 246 3.4641016151377544 228 247 3.0 228 248 3.0 228 249 4.69041575982343 228 250 3.0 228 251 2.8284271247461903 228 252 2.8284271247461903 228 253 3.872983346207417 228 254 2.6457513110645907
 228 255 2.23606797749979 228 256 3.7416573867739413 228 257 3.3166247903554 228 258 3.0 228 259 5.385164807134504 228 260 3.7416573867739413 228 261 3.605551275463989 228 262 3.3166247903554 228 263 2.6457513110645907 228 264 4.123105625617661 228 265 3.7416573867739413
 228 266 3.605551275463989 228 267 3.0 228 268 3.4641016151377544 228 269 3.0 228 270 2.6457513110645907 228 271 3.0 228 272 4.358898943540674 228 273 4.123105625617661 228 274 3.605551275463989 228 275 3.7416573867739413 228 276 3.0
 228 277 3.0 228 278 3.4641016151377544 228 279 2.6457513110645907 228 280 2.8284271247461903 229 230 4.69041575982343 229 231 4.123105625617661 229 232 4.898979485566356 229 233 4.0 229 234 4.123105625617661 229 235 4.242640687119285 229 236 3.605551275463989
 229 237 4.242640687119285 229 238 4.242640687119285 229 239 4.0 229 240 4.0 229 241 4.123105625617661 229 242 3.872983346207417 229 243 3.872983346207417 229 244 4.58257569495584 229 245 3.872983346207417 229 246 4.0 229 247 3.605551275463989
 229 248 4.123105625617661 229 249 5.291502622129181 229 250 4.123105625617661 229 251 3.4641016151377544 229 252 4.0 229 253 4.358898943540674 229 254 3.872983346207417 229 255 3.872983346207417 229 256 4.69041575982343 229 257 3.872983346207417 229 258 3.872983346207417
 229 259 5.916079783099616 229 260 4.47213595499958 229 261 4.58257569495584 229 262 3.872983346207417 229 263 3.605551275463989 229 264 4.58257569495584 229 265 4.242640687119285 229 266 4.123105625617661 229 267 3.872983346207417 229 268 4.0 229 269 3.605551275463989
 229 270 4.123105625617661 229 271 3.605551275463989 229 272 5.0 229 273 4.795831523312719 229 274 4.795831523312719 229 275 4.47213595499958 229 276 4.358898943540674 229 277 3.872983346207417 229 278 4.47213595499958 229 279 3.872983346207417 229 280 3.7416573867739413
 230 231 3.0 230 232 4.898979485566356 230 233 4.242640687119285 230 234 3.872983346207417 230 235 3.7416573867739413 230 236 3.605551275463989 230 237 4.0 230 238 3.4641016151377544 230 239 3.7416573867739413 230 240 3.4641016151377544 230 241 3.872983346207417
 230 242 3.872983346207417 230 243 3.3166247903554 230 244 3.605551275463989 230 245 3.872983346207417 230 246 4.0 230 247 3.605551275463989 230 248 3.3166247903554 230 249 5.0990195135927845 230 250 3.605551275463989 230 251 3.4641016151377544 230 252 3.4641016151377544
 230 253 4.358898943540674 230 254 3.3166247903554 230 255 2.6457513110645907 230 256 4.0 230 257 3.872983346207417 230 258 3.605551275463989 230 259 5.744562646538029 230 260 4.0 230 261 4.123105625617661 230 262 3.872983346207417 230 263 3.3166247903554
 230 264 4.58257569495584 230 265 4.0 230 266 4.123105625617661 230 267 3.605551275463989 230 268 4.0 230 269 3.605551275463989 230 270 3.0 230 271 3.605551275463989 230 272 4.795831523312719 230 273 4.58257569495584 230 274 4.123105625617661
 230 275 4.242640687119285 230 276 3.605551275463989 230 277 3.605551275463989 230 278 4.0 230 279 3.3166247903554 230 280 3.4641016151377544 231 232 4.358898943540674 231 233 3.605551275463989 231 234 3.1622776601683795 231 235 3.0 231 236 2.8284271247461903
 231 237 3.3166247903554 231 238 2.6457513110645907 231 239 3.0 231 240 2.6457513110645907 231 241 3.1622776601683795 231 242 3.1622776601683795 231 243 2.449489742783178 231 244 3.1622776601683795 231 245 3.1622776601683795 231 246 3.3166247903554 231 247 2.8284271247461903
 231 248 2.8284271247461903 231 249 4.58257569495584 231 250 2.8284271247461903 231 251 2.6457513110645907 231 252 2.6457513110645907 231 253 3.7416573867739413 231 254 2.449489742783178 231 255 2.0 231 256 3.605551275463989 231 257 3.1622776601683795 231 258 2.8284271247461903
 231 259 5.291502622129181 231 260 3.605551275463989 231 261 3.4641016151377544 231 262 3.1622776601683795 231 263 2.449489742783178 231 264 4.0 231 265 3.605551275463989 231 266 3.4641016151377544 231 267 2.8284271247461903 231 268 3.3166247903554 231 269 2.8284271247461903
 231 270 2.449489742783178 231 271 2.8284271247461903 231 272 4.242640687119285 231 273 4.0 231 274 3.4641016151377544 231 275 3.605551275463989 231 276 2.8284271247461903 231 277 2.8284271247461903 231 278 3.3166247903554 231 279 2.449489742783178 231 280 2.6457513110645907
 232 233 4.898979485566356 232 234 3.605551275463989 232 235 4.69041575982343 232 236 3.605551275463989 232 237 3.7416573867739413 232 238 4.47213595499958 232 239 4.242640687119285 232 240 4.242640687119285 232 241 3.872983346207417 232 242 4.58257569495584 232 243 4.123105625617661
 232 244 4.795831523312719 232 245 3.872983346207417 232 246 2.8284271247461903 232 247 3.605551275463989 232 248 4.358898943540674 232 249 5.0990195135927845 232 250 4.358898943540674 232 251 3.4641016151377544 232 252 4.0 232 253 4.358898943540674 232 254 3.872983346207417
 232 255 4.123105625617661 232 256 4.69041575982343 232 257 3.872983346207417 232 258 3.605551275463989 232 259 5.5677643628300215 232 260 4.898979485566356 232 261 4.58257569495584 232 262 3.872983346207417 232 263 3.3166247903554 232 264 4.58257569495584 232 265 4.242640687119285
 232 266 4.358898943540674 232 267 3.872983346207417 232 268 4.242640687119285 232 269 3.605551275463989 232 270 4.358898943540674 232 271 3.872983346207417 232 272 4.58257569495584 232 273 5.0 232 274 4.795831523312719 232 275 4.47213595499958 232 276 4.58257569495584
 232 277 4.123105625617661 232 278 4.47213595499958 232 279 3.872983346207417 232 280 3.7416573867739413 233 234 3.872983346207417 233 235 4.0 233 236 3.605551275463989 233 237 3.7416573867739413 233 238 3.4641016151377544 233 239 3.4641016151377544 233 240 3.4641016151377544
 233 241 3.872983346207417 233 242 3.3166247903554 233 243 3.3166247903554 233 244 4.123105625617661 233 245 3.872983346207417 233 246 4.0 233 247 3.605551275463989 233 248 3.605551275463989 233 249 5.0990195135927845 233 250 3.605551275463989 233 251 3.4641016151377544
 233 252 3.4641016151377544 233 253 4.358898943540674 233 254 3.3166247903554 233 255 3.3166247903554 233 256 4.47213595499958 233 257 3.605551275463989 233 258 3.605551275463989 233 259 5.744562646538029 233 260 4.0 233 261 4.123105625617661 233 262 3.872983346207417
 233 263 3.3166247903554 233 264 4.358898943540674 233 265 3.4641016151377544 233 266 3.872983346207417 233 267 3.605551275463989 233 268 4.0 233 269 3.605551275463989 233 270 3.605551275463989 233 271 3.605551275463989 233 272 4.795831523312719 233 273 4.58257569495584
 233 274 4.123105625617661 233 275 4.0 233 276 3.872983346207417 233 277 3.605551275463989 233 278 4.0 233 279 3.0 233 280 3.4641016151377544 234 235 3.605551275463989 234 236 2.0 234 237 3.3166247903554 234 238 3.3166247903554
 234 239 3.0 234 240 3.0 234 241 2.8284271247461903 234 242 3.4641016151377544 234 243 2.8284271247461903 234 244 3.7416573867739413 234 245 2.8284271247461903 234 246 2.6457513110645907 234 247 2.449489742783178 234 248 3.1622776601683795 234 249 4.358898943540674
 234 250 3.1622776601683795 234 251 2.23606797749979 234 252 3.0 234 253 3.1622776601683795 234 254 2.8284271247461903 234 255 2.8284271247461903 234 256 3.872983346207417 234 257 2.449489742783178 234 258 2.0 234 259 4.898979485566356 234 260 3.872983346207417
 234 261 3.4641016151377544 234 262 2.8284271247461903 234 263 2.449489742783178 234 264 3.1622776601683795 234 265 2.6457513110645907 234 266 3.1622776601683795 234 267 2.449489742783178 234 268 3.0 234 269 2.449489742783178 234 270 3.1622776601683795 234 271 2.8284271247461903
 234 272 3.7416573867739413 234 273 4.0 234 274 4.0 234 275 3.3166247903554 234 276 3.4641016151377544 234 277 3.1622776601683795 234 278 3.3166247903554 234 279 2.449489742783178 234 280 2.6457513110645907 235 236 3.3166247903554 235 237 3.7416573867739413
 235 238 2.8284271247461903 235 239 3.4641016151377544 235 240 3.1622776601683795 235 241 3.605551275463989 235 242 3.605551275463989 235 243 3.0 235 244 3.605551275463989 235 245 3.605551275463989 235 246 3.7416573867739413 235 247 3.3166247903554 235 248 3.3166247903554
 235 249 4.898979485566356 235 250 3.0 235 251 3.1622776601683795 235 252 3.1622776601683795 235 253 3.872983346207417 235 254 3.0 235 255 2.6457513110645907 235 256 3.7416573867739413 235 257 3.605551275463989 235 258 3.0 235 259 5.0
 235 260 4.0 235 261 3.605551275463989 235 262 3.605551275463989 235 263 3.0 235 264 4.358898943540674 235 265 4.0 235 266 3.872983346207417 235 267 3.3166247903554 235 268 3.7416573867739413 235 269 3.3166247903554 235 270 3.0
 235 271 3.3166247903554 235 272 4.58257569495584 235 273 4.123105625617661 235 274 3.605551275463989 235 275 3.7416573867739413 235 276 3.0 235 277 3.3166247903554 235 278 3.7416573867739413 235 279 3.0 235 280 3.1622776601683795 236 237 3.0
 236 238 3.0 236 239 2.6457513110645907 236 240 2.6457513110645907 236 241 2.449489742783178 236 242 3.1622776601683795 236 243 2.449489742783178 236 244 3.4641016151377544 236 245 2.0 236 246 2.23606797749979 236 247 2.0 236 248 2.8284271247461903
 236 249 4.358898943540674 236 250 2.8284271247461903 236 251 1.7320508075688772 236 252 2.6457513110645907 236 253 3.1622776601683795 236 254 2.449489742783178 236 255 2.449489742783178 236 256 3.605551275463989 236 257 2.449489742783178 236 258 1.4142135623730951 236 259 4.898979485566356
 236 260 3.3166247903554 236 261 3.1622776601683795 236 262 2.449489742783178 236 263 2.0 236 264 3.1622776601683795 236 265 2.6457513110645907 236 266 2.8284271247461903 236 267 2.0 236 268 2.6457513110645907 236 269 2.449489742783178 236 270 2.8284271247461903
 236 271 2.0 236 272 3.4641016151377544 236 273 3.4641016151377544 236 274 3.7416573867739413 236 275 3.3166247903554 236 276 3.1622776601683795 236 277 2.449489742783178 236 278 3.0 236 279 2.0 236 280 1.7320508075688772 237 238 3.1622776601683795
 237 239 3.4641016151377544 237 240 3.1622776601683795 237 241 3.3166247903554 237 242 3.0 237 243 3.0 237 244 3.872983346207417 237 245 3.3166247903554 237 246 3.4641016151377544 237 247 3.0 237 248 3.3166247903554 237 249 4.0
 237 250 3.3166247903554 237 251 2.8284271247461903 237 252 3.1622776601683795 237 253 3.872983346207417 237 254 3.0 237 255 3.0 237 256 4.0 237 257 3.3166247903554 237 258 3.0 237 259 5.385164807134504 237 260 3.7416573867739413
 237 261 3.872983346207417 237 262 3.3166247903554 237 263 2.6457513110645907 237 264 3.872983346207417 237 265 3.4641016151377544 237 266 3.3166247903554 237 267 3.0 237 268 3.4641016151377544 237 269 3.0 237 270 3.3166247903554 237 271 3.0
 237 272 4.358898943540674 237 273 4.358898943540674 237 274 3.872983346207417 237 275 3.4641016151377544 237 276 3.605551275463989 237 277 3.3166247903554 237 278 3.7416573867739413 237 279 2.6457513110645907 237 280 2.8284271247461903 238 239 3.1622776601683795 238 240 2.449489742783178
 238 241 3.3166247903554 238 242 3.3166247903554 238 243 2.6457513110645907 238 244 3.3166247903554 238 245 3.3166247903554 238 246 3.4641016151377544 238 247 3.0 238 248 3.0 238 249 4.69041575982343 238 250 3.0 238 251 2.8284271247461903
 238 252 2.8284271247461903 238 253 3.605551275463989 238 254 2.6457513110645907 238 255 2.23606797749979 238 256 3.7416573867739413 238 257 3.3166247903554 238 258 2.6457513110645907 238 259 5.385164807134504 238 260 3.4641016151377544 238 261 3.605551275463989 238 262 3.3166247903554
 238 263 2.6457513110645907 238 264 3.872983346207417 238 265 3.4641016151377544 238 266 3.3166247903554 238 267 3.0 238 268 3.4641016151377544 238 269 3.0 238 270 2.6457513110645907 238 271 3.0 238 272 4.358898943540674 238 273 3.872983346207417
 238 274 3.3166247903554 238 275 3.4641016151377544 238 276 2.6457513110645907 238 277 3.0 238 278 3.4641016151377544 238 279 2.23606797749979 238 280 2.449489742783178 239 240 2.8284271247461903 239 241 3.0 239 242 3.0 239 243 2.6457513110645907
 239 244 3.605551275463989 239 245 3.0 239 246 3.1622776601683795 239 247 3.0 239 248 3.0 239 249 4.69041575982343 239 250 3.0 239 251 2.8284271247461903 239 252 2.8284271247461903 239 253 3.872983346207417 239 254 2.6457513110645907
 239 255 2.6457513110645907 239 256 4.0 239 257 3.3166247903554 239 258 2.6457513110645907 239 259 5.196152422706632 239 260 3.7416573867739413 239 261 3.3166247903554 239 262 3.3166247903554 239 263 2.6457513110645907 239 264 4.123105625617661 239 265 3.4641016151377544
 239 266 3.605551275463989 239 267 3.0 239 268 3.4641016151377544 239 269 3.0 239 270 3.0 239 271 3.0 239 272 4.123105625617661 239 273 3.872983346207417 239 274 3.872983346207417 239 275 3.7416573867739413 239 276 3.3166247903554
 239 277 3.0 239 278 3.1622776601683795 239 279 2.23606797749979 239 280 2.8284271247461903 240 241 3.0 240 242 3.0 240 243 2.23606797749979 240 244 3.3166247903554 240 245 3.0 240 246 3.1622776601683795 240 247 2.6457513110645907
 240 248 2.6457513110645907 240 249 4.47213595499958 240 250 2.6457513110645907 240 251 2.449489742783178 240 252 2.449489742783178 240 253 3.605551275463989 240 254 2.23606797749979 240 255 2.23606797749979 240 256 3.7416573867739413 240 257 3.0 240 258 2.6457513110645907
 240 259 5.196152422706632 240 260 3.4641016151377544 240 261 3.3166247903554 240 262 3.0 240 263 2.23606797749979 240 264 3.872983346207417 240 265 3.4641016151377544 240 266 3.3166247903554 240 267 2.6457513110645907 240 268 3.1622776601683795 240 269 2.6457513110645907
 240 270 2.6457513110645907 240 271 2.6457513110645907 240 272 4.123105625617661 240 273 3.872983346207417 240 274 3.605551275463989 240 275 3.4641016151377544 240 276 3.0 240 277 2.6457513110645907 240 278 3.1622776601683795 240 279 2.23606797749979 240 280 2.8284271247461903
 241 242 3.4641016151377544 241 243 2.8284271247461903 241 244 3.7416573867739413 241 245 2.8284271247461903 241 246 3.0 241 247 2.8284271247461903 241 248 3.1622776601683795 241 249 4.58257569495584 241 250 3.1622776601683795 241 251 2.6457513110645907 241 252 3.0
 241 253 3.7416573867739413 241 254 2.8284271247461903 241 255 2.8284271247461903 241 256 3.872983346207417 241 257 3.1622776601683795 241 258 2.449489742783178 241 259 5.0990195135927845 241 260 3.872983346207417 241 261 3.4641016151377544 241 262 3.1622776601683795 241 263 2.449489742783178
 241 264 4.0 241 265 3.3166247903554 241 266 3.4641016151377544 241 267 2.8284271247461903 241 268 3.3166247903554 241 269 2.8284271247461903 241 270 3.1622776601683795 241 271 2.8284271247461903 241 272 3.7416573867739413 241 273 3.7416573867739413 241 274 4.0
 241 275 3.605551275463989 241 276 3.4641016151377544 241 277 3.1622776601683795 241 278 3.3166247903554 241 279 2.449489742783178 241 280 2.6457513110645907 242 243 2.8284271247461903 242 244 3.7416573867739413 242 245 3.4641016151377544 242 246 3.605551275463989 242 247 3.1622776601683795
 242 248 3.1622776601683795 242 249 4.123105625617661 242 250 3.1622776601683795 242 251 3.0 242 252 3.0 242 253 4.0 242 254 2.8284271247461903 242 255 2.8284271247461903 242 256 4.123105625617661 242 257 3.4641016151377544 242 258 3.1622776601683795
 242 259 5.477225575051661 242 260 3.872983346207417 242 261 3.7416573867739413 242 262 3.4641016151377544 242 263 2.8284271247461903 242 264 4.242640687119285 242 265 3.872983346207417 242 266 3.7416573867739413 242 267 3.1622776601683795 242 268 3.605551275463989 242 269 3.1622776601683795
 242 270 3.1622776601683795 242 271 3.1622776601683795 242 272 4.47213595499958 242 273 4.242640687119285 242 274 4.0 242 275 3.872983346207417 242 276 3.4641016151377544 242 277 3.1622776601683795 242 278 3.605551275463989 242 279 2.8284271247461903 242 280 3.3166247903554
 243 244 3.1622776601683795 243 245 2.8284271247461903 243 246 3.0 243 247 2.449489742783178 243 248 2.449489742783178 243 249 4.358898943540674 243 250 2.449489742783178 243 251 2.23606797749979 243 252 2.23606797749979 243 253 3.4641016151377544 243 254 2.0
 243 255 2.0 243 256 3.3166247903554 243 257 2.8284271247461903 243 258 2.449489742783178 243 259 5.0990195135927845 243 260 3.3166247903554 243 261 3.1622776601683795 243 262 2.8284271247461903 243 263 2.0 243 264 3.7416573867739413 243 265 3.3166247903554
 243 266 3.1622776601683795 243 267 2.449489742783178 243 268 3.0 243 269 2.449489742783178 243 270 2.449489742783178 243 271 2.449489742783178 243 272 4.0 243 273 3.7416573867739413 243 274 3.4641016151377544 243 275 3.3166247903554 243 276 2.8284271247461903
 243 277 2.449489742783178 243 278 3.0 243 279 2.0 243 280 2.6457513110645907 244 245 3.7416573867739413 244 246 3.872983346207417 244 247 3.4641016151377544 244 248 3.4641016151377544 244 249 3.872983346207417 244 250 3.4641016151377544 244 251 3.3166247903554
 244 252 3.3166247903554 244 253 4.242640687119285 244 254 3.1622776601683795 244 255 2.449489742783178 244 256 3.605551275463989 244 257 3.7416573867739413 244 258 3.4641016151377544 244 259 5.477225575051661 244 260 3.605551275463989 244 261 4.0 244 262 3.7416573867739413
 244 263 3.1622776601683795 244 264 4.47213595499958 244 265 3.872983346207417 244 266 4.0 244 267 3.4641016151377544 244 268 3.872983346207417 244 269 3.4641016151377544 244 270 3.1622776601683795 244 271 3.4641016151377544 244 272 4.69041575982343 244 273 4.0
 244 274 4.0 244 275 4.123105625617661 244 276 3.1622776601683795 244 277 3.4641016151377544 244 278 3.605551275463989 244 279 3.1622776601683795 244 280 3.3166247903554 245 246 2.6457513110645907 245 247 2.449489742783178 245 248 3.1622776601683795 245 249 4.58257569495584
 245 250 3.1622776601683795 245 251 2.23606797749979 245 252 3.0 245 253 3.7416573867739413 245 254 2.8284271247461903 245 255 2.8284271247461903 245 256 3.872983346207417 245 257 3.1622776601683795 245 258 2.449489742783178 245 259 5.0990195135927845 245 260 3.605551275463989
 245 261 3.4641016151377544 245 262 2.8284271247461903 245 263 2.449489742783178 245 264 3.7416573867739413 245 265 3.3166247903554 245 266 3.1622776601683795 245 267 2.449489742783178 245 268 3.0 245 269 2.8284271247461903 245 270 3.1622776601683795 245 271 2.449489742783178
 245 272 4.0 245 273 3.7416573867739413 245 274 4.0 245 275 3.605551275463989 245 276 3.4641016151377544 245 277 2.8284271247461903 245 278 3.3166247903554 245 279 2.449489742783178 245 280 2.23606797749979 246 247 2.23606797749979 246 248 3.3166247903554
 246 249 4.242640687119285 246 250 3.3166247903554 246 251 2.0 246 252 2.8284271247461903 246 253 3.3166247903554 246 254 2.6457513110645907 246 255 3.0 246 256 4.0 246 257 3.0 246 258 2.6457513110645907 246 259 5.0
 246 260 3.7416573867739413 246 261 3.605551275463989 246 262 2.6457513110645907 246 263 2.6457513110645907 246 264 3.605551275463989 246 265 3.4641016151377544 246 266 3.3166247903554 246 267 3.0 246 268 3.4641016151377544 246 269 2.6457513110645907 246 270 3.3166247903554
 246 271 2.6457513110645907 246 272 4.123105625617661 246 273 3.872983346207417 246 274 3.872983346207417 246 275 3.7416573867739413 246 276 3.605551275463989 246 277 3.0 246 278 3.4641016151377544 246 279 2.6457513110645907 246 280 2.449489742783178 247 248 2.8284271247461903
 247 249 4.123105625617661 247 250 2.8284271247461903 247 251 1.0 247 252 2.6457513110645907 247 253 3.1622776601683795 247 254 2.449489742783178 247 255 2.449489742783178 247 256 3.605551275463989 247 257 2.449489742783178 247 258 2.449489742783178 247 259 4.898979485566356
 247 260 3.3166247903554 247 261 3.4641016151377544 247 262 2.0 247 263 2.0 247 264 3.1622776601683795 247 265 3.3166247903554 247 266 2.449489742783178 247 267 2.449489742783178 247 268 2.6457513110645907 247 269 2.0 247 270 2.8284271247461903
 247 271 2.0 247 272 4.0 247 273 3.7416573867739413 247 274 3.7416573867739413 247 275 3.3166247903554 247 276 3.1622776601683795 247 277 2.449489742783178 247 278 3.3166247903554 247 279 2.449489742783178 247 280 2.23606797749979 248 249 4.58257569495584
 248 250 2.8284271247461903 248 251 2.6457513110645907 248 252 2.6457513110645907 248 253 3.7416573867739413 248 254 2.449489742783178 248 255 2.449489742783178 248 256 3.872983346207417 248 257 3.1622776601683795 248 258 2.8284271247461903 248 259 5.0990195135927845 248 260 3.605551275463989
 248 261 3.4641016151377544 248 262 3.1622776601683795 248 263 2.449489742783178 248 264 3.7416573867739413 248 265 3.605551275463989 248 266 3.4641016151377544 248 267 2.8284271247461903 248 268 3.3166247903554 248 269 2.8284271247461903 248 270 2.8284271247461903 248 271 2.8284271247461903
 248 272 4.242640687119285 248 273 4.0 248 274 3.7416573867739413 248 275 3.605551275463989 248 276 3.1622776601683795 248 277 2.8284271247461903 248 278 3.3166247903554 248 279 2.449489742783178 248 280 3.0 249 250 4.58257569495584 249 251 4.0
 249 252 4.47213595499958 249 253 4.58257569495584 249 254 4.358898943540674 249 255 4.358898943540674 249 256 4.898979485566356 249 257 4.358898943540674 249 258 4.358898943540674 249 259 5.916079783099616 249 260 4.898979485566356 249 261 5.0 249 262 4.358898943540674
 249 263 4.123105625617661 249 264 5.0 249 265 4.898979485566356 249 266 4.795831523312719 249 267 4.358898943540674 249 268 4.69041575982343 249 269 4.123105625617661 249 270 4.58257569495584 249 271 4.358898943540674 249 272 5.385164807134504 249 273 5.196152422706632
 249 274 5.196152422706632 249 275 4.898979485566356 249 276 4.58257569495584 249 277 4.58257569495584 249 278 4.69041575982343 249 279 4.358898943540674 249 280 4.47213595499958 250 251 2.6457513110645907 250 252 2.6457513110645907 250 253 3.7416573867739413 250 254 2.449489742783178
 250 255 2.449489742783178 250 256 3.872983346207417 250 257 3.1622776601683795 250 258 2.8284271247461903 250 259 4.898979485566356 250 260 3.605551275463989 250 261 3.4641016151377544 250 262 3.1622776601683795 250 263 2.449489742783178 250 264 4.0 250 265 3.605551275463989
 250 266 3.4641016151377544 250 267 2.8284271247461903 250 268 3.3166247903554 250 269 2.8284271247461903 250 270 2.8284271247461903 250 271 2.8284271247461903 250 272 4.242640687119285 250 273 4.0 250 274 3.4641016151377544 250 275 3.605551275463989 250 276 3.1622776601683795
 250 277 2.8284271247461903 250 278 3.3166247903554 250 279 2.449489742783178 250 280 3.0 251 252 2.449489742783178 251 253 3.0 251 254 2.23606797749979 251 255 2.23606797749979 251 256 3.4641016151377544 251 257 2.23606797749979 251 258 2.23606797749979
 251 259 4.795831523312719 251 260 3.1622776601683795 251 261 3.3166247903554 251 262 1.7320508075688772 251 263 1.7320508075688772 251 264 3.0 251 265 3.1622776601683795 251 266 2.6457513110645907 251 267 2.23606797749979 251 268 2.8284271247461903 251 269 1.7320508075688772
 251 270 2.6457513110645907 251 271 1.7320508075688772 251 272 3.872983346207417 251 273 3.605551275463989 251 274 3.605551275463989 251 275 3.1622776601683795 251 276 3.0 251 277 2.23606797749979 251 278 3.1622776601683795 251 279 2.23606797749979 251 280 2.0
 252 253 3.605551275463989 252 254 1.7320508075688772 252 255 2.23606797749979 252 256 3.7416573867739413 252 257 3.0 252 258 2.6457513110645907 252 259 5.196152422706632 252 260 3.4641016151377544 252 261 3.3166247903554 252 262 3.0 252 263 2.23606797749979
 252 264 3.872983346207417 252 265 3.4641016151377544 252 266 3.3166247903554 252 267 2.6457513110645907 252 268 3.1622776601683795 252 269 2.6457513110645907 252 270 2.6457513110645907 252 271 2.6457513110645907 252 272 4.123105625617661 252 273 3.872983346207417 252 274 3.3166247903554
 252 275 3.4641016151377544 252 276 3.0 252 277 2.6457513110645907 252 278 3.1622776601683795 252 279 2.23606797749979 252 280 2.8284271247461903 253 254 3.4641016151377544 253 255 3.4641016151377544 253 256 4.358898943540674 253 257 2.8284271247461903 253 258 2.8284271247461903
 253 259 5.477225575051661 253 260 4.358898943540674 253 261 4.242640687119285 253 262 3.4641016151377544 253 263 3.1622776601683795 253 264 3.7416573867739413 253 265 3.872983346207417 253 266 4.0 253 267 2.8284271247461903 253 268 3.0 253 269 2.8284271247461903
 253 270 3.7416573867739413 253 271 3.4641016151377544 253 272 4.242640687119285 253 273 4.47213595499958 253 274 4.47213595499958 253 275 3.872983346207417 253 276 3.7416573867739413 253 277 3.7416573867739413 253 278 4.123105625617661 253 279 3.4641016151377544 253 280 3.605551275463989
 254 255 2.0 254 256 3.605551275463989 254 257 2.8284271247461903 254 258 2.449489742783178 254 259 5.0990195135927845 254 260 3.3166247903554 254 261 3.1622776601683795 254 262 2.8284271247461903 254 263 2.0 254 264 3.7416573867739413 254 265 3.3166247903554
 254 266 3.1622776601683795 254 267 2.449489742783178 254 268 3.0 254 269 2.449489742783178 254 270 2.449489742783178 254 271 2.449489742783178 254 272 4.0 254 273 3.7416573867739413 254 274 3.1622776601683795 254 275 3.3166247903554 254 276 2.8284271247461903
 254 277 2.449489742783178 254 278 3.0 254 279 2.0 254 280 2.6457513110645907 255 256 3.0 255 257 2.8284271247461903 255 258 2.449489742783178 255 259 5.0990195135927845 255 260 3.0 255 261 3.1622776601683795 255 262 2.8284271247461903
 255 263 2.0 255 264 3.7416573867739413 255 265 3.0 255 266 3.1622776601683795 255 267 2.449489742783178 255 268 3.0 255 269 2.449489742783178 255 270 2.0 255 271 2.449489742783178 255 272 4.0 255 273 3.7416573867739413
 255 274 3.1622776601683795 255 275 3.3166247903554 255 276 2.449489742783178 255 277 2.449489742783178 255 278 3.0 255 279 2.0 255 280 2.23606797749979 256 257 3.872983346207417 256 258 3.605551275463989 256 259 5.0 256 260 4.0
 256 261 4.358898943540674 256 262 3.872983346207417 256 263 3.3166247903554 256 264 4.58257569495584 256 265 4.0 256 266 4.123105625617661 256 267 3.605551275463989 256 268 4.0 256 269 3.605551275463989 256 270 3.3166247903554 256 271 3.605551275463989
 256 272 4.795831523312719 256 273 4.58257569495584 256 274 4.123105625617661 256 275 4.242640687119285 256 276 3.605551275463989 256 277 3.872983346207417 256 278 4.0 256 279 3.605551275463989 256 280 3.4641016151377544 257 258 2.449489742783178 257 259 5.0990195135927845
 257 260 3.872983346207417 257 261 3.7416573867739413 257 262 2.8284271247461903 257 263 2.449489742783178 257 264 3.4641016151377544 257 265 3.0 257 266 3.4641016151377544 257 267 2.449489742783178 257 268 3.0 257 269 2.449489742783178 257 270 3.1622776601683795
 257 271 2.8284271247461903 257 272 4.0 257 273 4.242640687119285 257 274 4.0 257 275 3.605551275463989 257 276 3.4641016151377544 257 277 3.1622776601683795 257 278 3.605551275463989 257 279 2.8284271247461903 257 280 3.0 258 259 4.898979485566356
 258 260 3.605551275463989 258 261 3.1622776601683795 258 262 2.8284271247461903 258 263 2.0 258 264 3.4641016151377544 258 265 2.6457513110645907 258 266 3.1622776601683795 258 267 2.0 258 268 2.6457513110645907 258 269 2.449489742783178 258 270 2.8284271247461903
 258 271 2.449489742783178 258 272 3.4641016151377544 258 273 3.4641016151377544 258 274 3.7416573867739413 258 275 3.3166247903554 258 276 2.8284271247461903 258 277 2.8284271247461903 258 278 3.0 258 279 2.0 258 280 2.23606797749979 259 260 5.0
 259 261 5.477225575051661 259 262 4.898979485566356 259 263 4.898979485566356 259 264 5.477225575051661 259 265 5.385164807134504 259 266 5.477225575051661 259 267 5.0990195135927845 259 268 5.385164807134504 259 269 4.898979485566356 259 270 5.291502622129181 259 271 5.0990195135927845
 259 272 5.830951894845301 259 273 5.291502622129181 259 274 5.477225575051661 259 275 5.5677643628300215 259 276 4.69041575982343 259 277 5.291502622129181 259 278 4.58257569495584 259 279 4.898979485566356 259 280 5.0 260 261 4.123105625617661 260 262 3.605551275463989
 260 263 3.3166247903554 260 264 4.123105625617661 260 265 3.7416573867739413 260 266 3.605551275463989 260 267 3.605551275463989 260 268 4.0 260 269 3.605551275463989 260 270 3.605551275463989 260 271 3.3166247903554 260 272 4.795831523312719 260 273 3.605551275463989
 260 274 4.123105625617661 260 275 4.0 260 276 2.6457513110645907 260 277 3.0 260 278 2.8284271247461903 260 279 3.0 260 280 3.1622776601683795 261 262 3.7416573867739413 261 263 3.1622776601683795 261 264 4.47213595499958 261 265 3.872983346207417
 261 266 4.0 261 267 3.4641016151377544 261 268 3.872983346207417 261 269 3.4641016151377544 261 270 3.4641016151377544 261 271 3.4641016151377544 261 272 4.47213595499958 261 273 4.242640687119285 261 274 4.0 261 275 4.123105625617661 261 276 3.7416573867739413
 261 277 3.4641016151377544 261 278 3.3166247903554 261 279 2.8284271247461903 261 280 3.3166247903554 262 263 2.449489742783178 262 264 3.4641016151377544 262 265 3.605551275463989 262 266 3.1622776601683795 262 267 2.8284271247461903 262 268 3.3166247903554 262 269 2.449489742783178
 262 270 3.1622776601683795 262 271 2.449489742783178 262 272 4.242640687119285 262 273 4.0 262 274 4.0 262 275 3.605551275463989 262 276 3.4641016151377544 262 277 2.8284271247461903 262 278 3.605551275463989 262 279 2.8284271247461903 262 280 2.6457513110645907
 263 264 3.4641016151377544 263 265 3.0 263 266 2.8284271247461903 263 267 2.0 263 268 2.6457513110645907 263 269 2.0 263 270 2.449489742783178 263 271 2.0 263 272 3.4641016151377544 263 273 3.7416573867739413 263 274 3.4641016151377544
 263 275 3.0 263 276 2.8284271247461903 263 277 2.0 263 278 3.0 263 279 2.0 263 280 2.23606797749979 264 265 3.605551275463989 264 266 3.4641016151377544 264 267 3.1622776601683795 264 268 3.605551275463989 264 269 3.4641016151377544
 264 270 4.0 264 271 3.4641016151377544 264 272 4.69041575982343 264 273 4.69041575982343 264 274 4.47213595499958 264 275 3.605551275463989 264 276 4.242640687119285 264 277 3.7416573867739413 264 278 4.358898943540674 264 279 3.4641016151377544 264 280 3.3166247903554
 265 266 3.3166247903554 265 267 3.0 265 268 3.4641016151377544 265 269 3.3166247903554 265 270 3.605551275463989 265 271 3.3166247903554 265 272 4.123105625617661 265 273 4.358898943540674 265 274 4.123105625617661 265 275 3.4641016151377544 265 276 3.872983346207417
 265 277 3.605551275463989 265 278 3.7416573867739413 265 279 2.6457513110645907 265 280 2.8284271247461903 266 267 3.1622776601683795 266 268 3.3166247903554 266 269 3.1622776601683795 266 270 3.4641016151377544 266 271 2.8284271247461903 266 272 4.47213595499958 266 273 4.242640687119285
 266 274 3.7416573867739413 266 275 3.3166247903554 266 276 3.7416573867739413 266 277 3.1622776601683795 266 278 3.605551275463989 266 279 2.8284271247461903 266 280 2.6457513110645907 267 268 1.7320508075688772 267 269 2.449489742783178 267 270 2.8284271247461903 267 271 2.449489742783178
 267 272 3.7416573867739413 267 273 4.0 267 274 3.7416573867739413 267 275 3.0 267 276 3.1622776601683795 267 277 2.8284271247461903 267 278 3.3166247903554 267 279 2.449489742783178 267 280 2.6457513110645907 268 269 2.6457513110645907 268 270 3.3166247903554
 268 271 3.0 268 272 4.123105625617661 268 273 4.358898943540674 268 274 4.123105625617661 268 275 3.4641016151377544 268 276 3.605551275463989 268 277 3.3166247903554 268 278 3.7416573867739413 268 279 3.0 268 280 3.1622776601683795 269 270 2.8284271247461903
 269 271 2.449489742783178 269 272 4.0 269 273 4.0 269 274 3.7416573867739413 269 275 3.3166247903554 269 276 3.1622776601683795 269 277 2.8284271247461903 269 278 3.3166247903554 269 279 2.449489742783178 269 280 2.6457513110645907 270 271 2.8284271247461903
 270 272 4.242640687119285 270 273 4.0 270 274 3.4641016151377544 270 275 3.605551275463989 270 276 2.8284271247461903 270 277 2.8284271247461903 270 278 3.3166247903554 270 279 2.449489742783178 270 280 2.6457513110645907 271 272 4.0 271 273 3.7416573867739413
 271 274 3.7416573867739413 271 275 3.3166247903554 271 276 3.1622776601683795 271 277 2.449489742783178 271 278 3.3166247903554 271 279 2.449489742783178 271 280 2.23606797749979 272 273 4.69041575982343 272 274 4.898979485566356 272 275 4.58257569495584 272 276 4.47213595499958
 272 277 4.0 272 278 4.358898943540674 272 279 3.7416573867739413 272 280 3.872983346207417 273 274 4.69041575982343 273 275 4.58257569495584 273 276 3.1622776601683795 273 277 3.7416573867739413 273 278 3.3166247903554 273 279 3.4641016151377544 273 280 3.605551275463989
 274 275 4.123105625617661 274 276 3.7416573867739413 274 277 3.7416573867739413 274 278 3.872983346207417 274 279 3.1622776601683795 274 280 3.3166247903554 275 276 3.872983346207417 275 277 3.605551275463989 275 278 4.0 275 279 3.0 275 280 3.1622776601683795
 276 277 3.1622776601683795 276 278 2.23606797749979 276 279 2.8284271247461903 276 280 3.0 277 278 3.3166247903554 277 279 2.449489742783178 277 280 2.6457513110645907 278 279 2.6457513110645907 278 280 3.1622776601683795 279 280 1.7320508075688772